  2.06242167E+02  1  1  0  0  0  0  
 -2.06242167E+02 -1 -1  0  0  0  0  
  2.37547247E+02  2  2  0  0  0  0  
 -2.37547247E+02 -2 -2  0  0  0  0  
  2.41596974E+02  3  3  0  0  0  0  
 -2.41596974E+02 -3 -3  0  0  0  0  
  2.62702319E+02  4  4  0  0  0  0  
 -2.62702319E+02 -4 -4  0  0  0  0  
  3.11690974E+02  5  5  0  0  0  0  
 -3.11690974E+02 -5 -5  0  0  0  0  
  3.42345676E+02  6  6  0  0  0  0  
 -3.42345676E+02 -6 -6  0  0  0  0  
  3.69620153E+02  7  7  0  0  0  0  
 -3.69620153E+02 -7 -7  0  0  0  0  
  4.18142252E+02  8  8  0  0  0  0  
 -4.18142252E+02 -8 -8  0  0  0  0  
  7.85228686E+02  9  9  0  0  0  0  
 -7.85228686E+02 -9 -9  0  0  0  0  
  7.89209319E+02  10  10  0  0  0  0  
 -7.89209319E+02 -10 -10  0  0  0  0  
  8.05722986E+02  11  11  0  0  0  0  
 -8.05722986E+02 -11 -11  0  0  0  0  
  8.12177325E+02  12  12  0  0  0  0  
 -8.12177325E+02 -12 -12  0  0  0  0  
 -1.49526860E+01  1  1  6  0  0  0  
 -9.52693120E+00  1  1  8  0  0  0  
 -8.86839569E+01  1  1  10  0  0  0  
 -7.05859622E+00  1  2  4  0  0  0  
  2.21485879E+01  1  5  7  0  0  0  
  1.12382752E+02  1  5  9  0  0  0  
 -7.56974731E+01  1  6  12  0  0  0  
  1.16213460E+02  1  7  11  0  0  0  
 -8.82384953E+01  1  8  12  0  0  0  
 -9.50569755E+00  1  9  11  0  0  0  
  9.53442367E+00  1  10  12  0  0  0  
  3.25530812E+00  2  2  6  0  0  0  
  1.05200398E+01  2  2  8  0  0  0  
 -7.00142690E+01  2  2  10  0  0  0  
 -3.45546833E+01  2  3  7  0  0  0  
  1.48366671E+02  2  3  9  0  0  0  
 -1.37788363E+02  2  4  12  0  0  0  
  1.17797428E+01  3  3  6  0  0  0  
  1.29015194E+01  3  3  8  0  0  0  
 -7.64722834E+01  3  3  10  0  0  0  
 -1.01374230E+01  3  4  5  0  0  0  
 -1.38301785E+02  3  4  11  0  0  0  
 -7.92661070E+00  4  4  6  0  0  0  
  3.62233000E+00  4  4  8  0  0  0  
 -5.78685490E+01  4  4  10  0  0  0  
 -1.35347599E+01  5  5  6  0  0  0  
 -8.68709772E+00  5  5  8  0  0  0  
 -3.07378718E+01  5  5  10  0  0  0  
 -4.16302351E+01  5  6  11  0  0  0  
  7.39421558E+01  5  7  12  0  0  0  
 -6.16319928E+01  5  8  11  0  0  0  
 -9.90114790E+00  5  9  12  0  0  0  
  1.39734949E+01  5  10  11  0  0  0  
 -5.80244663E+00  6  6  6  0  0  0  
  2.65288965E+01  6  6  8  0  0  0  
 -1.40629516E+01  6  6  10  0  0  0  
  8.10440271E+00  6  7  7  0  0  0  
 -3.29077759E+01  6  7  9  0  0  0  
 -2.96137297E+01  6  8  8  0  0  0  
 -1.25185045E+01  6  8  10  0  0  0  
 -3.10494254E+00  6  9  9  0  0  0  
 -4.34591478E+00  6  10  10  0  0  0  
 -1.36645069E+01  6  11  11  0  0  0  
 -1.50193022E+01  6  12  12  0  0  0  
  1.28760028E+01  7  7  8  0  0  0  
 -2.68182508E+01  7  7  10  0  0  0  
 -4.44044233E+01  7  8  9  0  0  0  
  4.78637341E+00  7  9  10  0  0  0  
  3.07061738E+01  7  11  12  0  0  0  
  1.78376159E+01  8  8  8  0  0  0  
 -2.59328676E+01  8  8  10  0  0  0  
  1.23432568E+01  8  9  9  0  0  0  
  1.50310056E+01  8  10  10  0  0  0  
 -1.61349073E+00  8  11  11  0  0  0  
 -6.76742998E-01  8  12  12  0  0  0  
  1.66204150E+02  9  9  10  0  0  0  
 -3.52267129E+02  9  11  12  0  0  0  
  5.45306574E+01  10  10  10  0  0  0  
  1.77284609E+02  10  11  11  0  0  0  
  1.75025716E+02  10  12  12  0  0  0  
  3.60015642E+00  1  1  1  1  0  0  
 -4.83495617E-01  1  1  1  12  0  0  
  4.00313690E+00  1  1  2  2  0  0  
  4.82722292E+00  1  1  3  3  0  0  
  3.35232339E+00  1  1  4  4  0  0  
  6.25679108E+00  1  1  5  5  0  0  
 -2.98218170E+00  1  1  5  11  0  0  
  4.78984981E+00  1  1  6  6  0  0  
  7.55770767E+00  1  1  6  8  0  0  
 -1.32215118E+00  1  1  6  10  0  0  
  6.97139119E+00  1  1  7  7  0  0  
 -2.18467562E+00  1  1  7  9  0  0  
  3.78037817E+00  1  1  8  8  0  0  
 -3.22067050E+00  1  1  8  10  0  0  
 -1.38007222E+01  1  1  9  9  0  0  
 -1.36705901E+01  1  1  10  10  0  0  
 -1.43836517E+01  1  1  11  11  0  0  
 -1.40157326E+01  1  1  12  12  0  0  
 -3.17532528E-01  1  2  2  12  0  0  
  1.12856366E+01  1  2  3  5  0  0  
 -1.10084075E-03  1  2  3  11  0  0  
  6.36077750E+00  1  2  4  6  0  0  
  7.92838940E+00  1  2  4  8  0  0  
 -3.04118902E+00  1  2  4  10  0  0  
  8.48541861E-01  1  3  3  12  0  0  
 -1.11191465E+01  1  3  4  7  0  0  
  2.03648006E+00  1  3  4  9  0  0  
 -1.05581724E+00  1  4  4  12  0  0  
 -3.25439667E+00  1  5  5  12  0  0  
 -1.03736122E+01  1  5  6  7  0  0  
  2.79474815E+00  1  5  6  9  0  0  
 -1.28515234E+01  1  5  7  8  0  0  
  5.74894977E+00  1  5  7  10  0  0  
  5.55235672E+00  1  5  8  9  0  0  
  3.75730710E+01  1  5  9  10  0  0  
 -3.93724825E+01  1  5  11  12  0  0  
  1.54031370E+00  1  6  6  12  0  0  
 -3.43212212E+00  1  6  7  11  0  0  
  1.45807973E+00  1  6  8  12  0  0  
  2.76773202E+01  1  6  9  11  0  0  
 -2.73801566E+01  1  6  10  12  0  0  
  2.42555544E+00  1  7  7  12  0  0  
 -1.63604124E+00  1  7  8  11  0  0  
 -4.06828535E+01  1  7  9  12  0  0  
  4.12413622E+01  1  7  10  11  0  0  
 -4.06003332E-01  1  8  8  12  0  0  
  2.95974642E+01  1  8  9  11  0  0  
 -2.92380722E+01  1  8  10  12  0  0  
  1.59921998E+00  1  9  9  12  0  0  
 -4.00198183E+00  1  9  10  11  0  0  
  2.22184229E+00  1  10  10  12  0  0  
 -2.70524603E+00  1  11  11  12  0  0  
 -9.49637866E-01  1  12  12  12  0  0  
  2.32254462E+00  2  2  2  2  0  0  
  1.29093080E+01  2  2  3  3  0  0  
  8.82371814E+00  2  2  4  4  0  0  
  1.79624887E+00  2  2  5  5  0  0  
 -1.28809770E+00  2  2  5  11  0  0  
  1.10709314E-01  2  2  6  6  0  0  
  1.87552625E+00  2  2  6  8  0  0  
  8.63517574E-01  2  2  6  10  0  0  
  1.40988993E+00  2  2  7  7  0  0  
  1.68830631E+00  2  2  7  9  0  0  
  1.02980766E-01  2  2  8  8  0  0  
  5.56723332E-01  2  2  8  10  0  0  
 -1.19130411E+01  2  2  9  9  0  0  
 -1.18920972E+01  2  2  10  10  0  0  
 -1.35054633E+01  2  2  11  11  0  0  
 -1.30644846E+01  2  2  12  12  0  0  
 -1.61456207E+00  2  3  5  12  0  0  
 -3.00412530E+00  2  3  6  7  0  0  
 -3.33086540E+00  2  3  6  9  0  0  
 -3.47686237E+00  2  3  7  8  0  0  
 -4.37395042E+00  2  3  7  10  0  0  
 -4.42689286E-01  2  3  8  9  0  0  
  4.88308988E+01  2  3  9  10  0  0  
 -5.46733440E+01  2  3  11  12  0  0  
 -6.81405303E+00  2  4  5  7  0  0  
  2.97112410E+00  2  4  5  9  0  0  
  1.66414356E+00  2  4  6  12  0  0  
 -2.95987477E+00  2  4  7  11  0  0  
  1.30846636E+00  2  4  8  12  0  0  
  4.58046530E+01  2  4  9  11  0  0  
 -4.50238845E+01  2  4  10  12  0  0  
  2.40157054E+00  3  3  3  3  0  0  
  8.60677876E+00  3  3  4  4  0  0  
  1.63625114E+00  3  3  5  5  0  0  
 -5.29258359E-01  3  3  5  11  0  0  
  4.87241399E-01  3  3  6  6  0  0  
  1.02830083E+00  3  3  6  8  0  0  
  2.31162556E+00  3  3  6  10  0  0  
  1.03279563E+00  3  3  7  7  0  0  
  2.70799581E+00  3  3  7  9  0  0  
  4.37068574E-01  3  3  8  8  0  0  
  6.73733776E-01  3  3  8  10  0  0  
 -1.26690983E+01  3  3  9  9  0  0  
 -1.25487272E+01  3  3  10  10  0  0  
 -1.39361165E+01  3  3  11  11  0  0  
 -1.41618026E+01  3  3  12  12  0  0  
  3.80933377E+00  3  4  5  6  0  0  
  4.39096281E+00  3  4  5  8  0  0  
 -2.98999638E+00  3  4  5  10  0  0  
  2.56880262E+00  3  4  6  11  0  0  
 -3.34233264E+00  3  4  7  12  0  0  
  1.15946294E+00  3  4  8  11  0  0  
  4.73556971E+01  3  4  9  12  0  0  
 -4.64900921E+01  3  4  10  11  0  0  
  1.06808739E+00  4  4  4  4  0  0  
  1.33758405E+00  4  4  5  5  0  0  
 -1.14681868E+00  4  4  5  11  0  0  
 -1.71346700E-02  4  4  6  6  0  0  
  5.86613494E-01  4  4  6  8  0  0  
 -6.20560041E-01  4  4  6  10  0  0  
  6.29745437E-01  4  4  7  7  0  0  
 -7.32294730E-01  4  4  7  9  0  0  
  5.83380931E-01  4  4  8  8  0  0  
 -4.64822704E-01  4  4  8  10  0  0  
 -1.06114822E+01  4  4  9  9  0  0  
 -1.00608398E+01  4  4  10  10  0  0  
 -1.06803207E+01  4  4  11  11  0  0  
 -1.07307472E+01  4  4  12  12  0  0  
  5.22070603E-01  5  5  5  5  0  0  
 -1.05326173E+00  5  5  5  11  0  0  
  1.01640924E+00  5  5  6  6  0  0  
  2.86944180E+00  5  5  6  8  0  0  
 -2.26421629E+00  5  5  6  10  0  0  
  2.82290435E+00  5  5  7  7  0  0  
 -2.16890607E+00  5  5  7  9  0  0  
  6.53938091E-01  5  5  8  8  0  0  
 -1.42963897E+00  5  5  8  10  0  0  
 -6.73697303E+00  5  5  9  9  0  0  
 -6.66001662E+00  5  5  10  10  0  0  
 -7.07328418E+00  5  5  11  11  0  0  
 -7.07560237E+00  5  5  12  12  0  0  
  1.38451241E-01  5  6  6  11  0  0  
 -1.05090099E+00  5  6  7  12  0  0  
  8.96401505E-01  5  6  8  11  0  0  
  1.94474600E+01  5  6  9  12  0  0  
 -1.95067212E+01  5  6  10  11  0  0  
  9.42401665E-01  5  7  7  11  0  0  
 -2.19874131E-01  5  7  8  12  0  0  
 -2.86852274E+01  5  7  9  11  0  0  
  2.83727219E+01  5  7  10  12  0  0  
 -9.09490902E-01  5  8  8  11  0  0  
  2.07508271E+01  5  8  9  12  0  0  
 -2.01798804E+01  5  8  10  11  0  0  
  1.43299831E+00  5  9  9  11  0  0  
 -3.44020404E+00  5  9  10  12  0  0  
  2.02160478E+00  5  10  10  11  0  0  
 -4.92376893E-01  5  11  11  11  0  0  
 -1.43361326E+00  5  11  12  12  0  0  
  2.78303187E-01  6  6  6  6  0  0  
 -5.56201486E-01  6  6  6  8  0  0  
  4.59449202E-01  6  6  6  10  0  0  
  2.70849193E-01  6  6  7  7  0  0  
  1.31958682E+00  6  6  7  9  0  0  
  2.14662351E+00  6  6  8  8  0  0  
 -5.45112050E-03  6  6  8  10  0  0  
 -3.18596979E+00  6  6  9  9  0  0  
 -3.02339367E+00  6  6  10  10  0  0  
 -3.89479540E+00  6  6  11  11  0  0  
 -3.83997057E+00  6  6  12  12  0  0  
  1.29547185E+00  6  7  7  8  0  0  
  1.63060205E+00  6  7  7  10  0  0  
  1.71785081E+00  6  7  8  9  0  0  
 -1.80619433E+01  6  7  9  10  0  0  
  2.25679446E+01  6  7  11  12  0  0  
 -1.63834040E+00  6  8  8  8  0  0  
  1.70921419E+00  6  8  8  10  0  0  
 -6.63746094E+00  6  8  9  9  0  0  
 -6.85696808E+00  6  8  10  10  0  0  
 -8.19502665E+00  6  8  11  11  0  0  
 -8.31737984E+00  6  8  12  12  0  0  
 -2.03495947E-01  6  9  9  10  0  0  
  4.70290325E+00  6  9  11  12  0  0  
  8.11578932E-02  6  10  10  10  0  0  
 -2.17640676E+00  6  10  11  11  0  0  
 -2.19756880E+00  6  10  12  12  0  0  
  2.86873328E-01  7  7  7  7  0  0  
  8.62279664E-01  7  7  7  9  0  0  
  8.98205533E-01  7  7  8  8  0  0  
  1.41184527E+00  7  7  8  10  0  0  
 -6.76873678E+00  7  7  9  9  0  0  
 -6.80222217E+00  7  7  10  10  0  0  
 -8.61577629E+00  7  7  11  11  0  0  
 -8.49417873E+00  7  7  12  12  0  0  
  2.37233809E-01  7  8  8  9  0  0  
 -1.95361841E+01  7  8  9  10  0  0  
  2.49589891E+01  7  8  11  12  0  0  
  2.49554430E-01  7  9  9  9  0  0  
  1.30854206E+00  7  9  10  10  0  0  
 -2.10993706E+00  7  9  11  11  0  0  
 -2.04101824E+00  7  9  12  12  0  0  
  3.42881157E+00  7  10  11  12  0  0  
  7.07988560E-01  8  8  8  8  0  0  
 -5.30957060E-01  8  8  8  10  0  0  
 -3.66987782E+00  8  8  9  9  0  0  
 -3.41210661E+00  8  8  10  10  0  0  
 -4.75744800E+00  8  8  11  11  0  0  
 -4.66876093E+00  8  8  12  12  0  0  
  2.82160752E+00  8  9  9  10  0  0  
 -1.43565640E+00  8  9  11  12  0  0  
  1.11416579E+00  8  10  10  10  0  0  
  1.16853839E+00  8  10  11  11  0  0  
  9.96510417E-01  8  10  12  12  0  0  
  2.63841745E+00  9  9  9  9  0  0  
  1.56207957E+01  9  9  10  10  0  0  
  1.70675600E+01  9  9  11  11  0  0  
  1.68757396E+01  9  9  12  12  0  0  
 -6.77252220E+01  9  10  11  12  0  0  
  2.49209421E+00  10  10  10  10  0  0  
  1.68853843E+01  10  10  11  11  0  0  
  1.67322201E+01  10  10  12  12  0  0  
  3.00675328E+00  11  11  11  11  0  0  
  1.78063163E+01  11  11  12  12  0  0  
  2.93599421E+00  12  12  12  12  0  0  
