&FCI NORB=10,NELEC=2,MS2=0,
 ORBSYM=1,1,1,1,1,1,1,1,1,1,
 ISYM=1,
&END
   5.5622709021267946e-01   1   1   1   1   0   0
   7.7142402439021360e-02   1   2   1   2   0   0
   1.3057230214314175e-01   1   3   1   1   0   0
   9.8935018852538040e-02   1   3   1   3   0   0
   8.0590363716367172e-02   1   4   1   2   0   0
   1.2314377679537146e-01   1   4   1   4   0   0
   1.1925912880053839e-01   1   5   1   5   0   0
   1.1925912880053585e-01   1   6   1   6   0   0
   4.0059134430639957e-02   1   7   1   1   0   0
   3.5195639546962039e-02   1   7   1   3   0   0
   1.1785064701979583e-01   1   7   1   7   0   0
   8.5223107274334908e-02   1   8   1   8   0   0
   8.5223107274334187e-02   1   9   1   9   0   0
   2.0588347998846897e-02   1  10   1   2   0   0
   4.4512891022509764e-02   1  10   1   4   0   0
   8.2581037531833379e-02   1  10   1  10   0   0
   3.9841710115384138e-01   1   1   2   2   0   0
   1.2827625140753068e-01   1   1   2   4   0   0
   2.2942589328206277e-02   1   1   2  10   0   0
   8.7172075533481608e-02   1   2   2   1   0   0
   1.7290119507369075e-03   1   2   2   3   0   0
  -6.2333611037715057e-02   1   2   2   7   0   0
   4.3451107583321706e-02   1   3   2   2   0   0
   7.5558927791407882e-02   1   3   2   4   0   0
   2.7570678942118121e-02   1   3   2  10   0   0
   7.9942593450886834e-02   1   4   2   1   0   0
   3.7268682763145891e-02   1   4   2   3   0   0
  -7.0757940485593876e-02   1   4   2   7   0   0
   7.5406094892168055e-02   1   5   2   8   0   0
  -7.7798467847292035e-03   1   5   2   9   0   0
  -7.7798467847283960e-03   1   6   2   8   0   0
  -7.5406094892165848e-02   1   6   2   9   0   0
  -3.0539428219838384e-02   1   7   2   2   0   0
  -1.0236626021030780e-02   1   7   2   4   0   0
   7.0026667375493054e-02   1   7   2  10   0   0
   5.5392330799752844e-02   1   8   2   5   0   0
  -5.7149736674115955e-03   1   8   2   6   0   0
  -5.7149736674117256e-03   1   9   2   5   0   0
  -5.5392330799752365e-02   1   9   2   6   0   0
   1.8767081455486223e-02   1  10   2   1   0   0
   2.0967187896134377e-02   1  10   2   3   0   0
   1.8951192093368031e-02   1  10   2   7   0   0
   1.3688637094852829e-01   1   1   3   1   0   0
   4.3526852685307516e-01   1   1   3   3   0   0
   3.8893100930340013e-02   1   1   3   7   0   0
  -7.0023702721594226e-03   1   2   3   2   0   0
   6.6055210475642459e-02   1   2   3   4   0   0
   3.8157803257339459e-02   1   2   3  10   0   0
   8.0608977311507846e-02   1   3   3   1   0   0
   7.9077485966149511e-02   1   3   3   3   0   0
   3.2013482557393197e-02   1   3   3   7   0   0
   2.6955561025930799e-02   1   4   3   2   0   0
   8.3883706061643831e-02   1   4   3   4   0   0
   5.8445362446876245e-02   1   4   3  10   0   0
   3.0742877479165646e-02   1   5   3   5   0   0
   3.0742877479165084e-02   1   6   3   6   0   0
   3.0626511477526649e-02   1   7   3   1   0   0
   2.4984764411605527e-02   1   7   3   3   0   0
   5.8835335159091666e-02   1   7   3   7   0   0
   2.4076450210742544e-02   1   8   3   8   0   0
   2.4076450210742263e-02   1   9   3   9   0   0
   1.6978745102441115e-02   1  10   3   2   0   0
   3.9150493628272359e-02   1  10   3   4   0   0
   4.8743968755418352e-02   1  10   3  10   0   0
   1.4429985888241045e-01   1   1   4   2   0   0
   4.9256599798136241e-01   1   1   4   4   0   0
   7.5055314121073011e-02   1   1   4  10   0   0
   6.9480307257338711e-02   1   2   4   1   0   0
   8.1054072936417726e-02   1   2   4   3   0   0
  -5.1785683290298236e-02   1   2   4   7   0   0
   6.5136853221218760e-02   1   3   4   2   0   0
   1.1828693318756885e-01   1   3   4   4   0   0
   6.8112306368964162e-02   1   3   4  10   0   0
   9.5516182580764372e-02   1   4   4   1   0   0
   8.9017024166039752e-02   1   4   4   3   0   0
  -7.4225171182443178e-02   1   4   4   7   0   0
   6.9167284702642051e-02   1   5   4   8   0   0
  -7.1361721923381269e-03   1   5   4   9   0   0
  -7.1361721923373870e-03   1   6   4   8   0   0
  -6.9167284702640039e-02   1   6   4   9   0   0
  -6.8282487422112546e-03   1   7   4   2   0   0
  -2.0696425692099497e-02   1   7   4   4   0   0
   7.9189176079259224e-02   1   7   4  10   0   0
   5.5695374046364036e-02   1   8   4   5   0   0
  -5.7462394428260833e-03   1   8   4   6   0   0
  -5.7462394428262420e-03   1   9   4   5   0   0
  -5.5695374046363468e-02   1   9   4   6   0   0
   3.6051694901518397e-02   1  10   4   1   0   0
   4.0198047642245376e-02   1  10   4   3   0   0
   1.4880876764966272e-02   1  10   4   7   0   0
   5.6703796377492377e-01   1   1   5   5   0   0
   1.0369125648434502e-01   1   2   5   8   0   0
  -1.0698101917594557e-02   1   2   5   9   0   0
   1.2320682958649791e-01   1   3   5   5   0   0
   1.1879969148978901e-01   1   4   5   8   0   0
  -1.2256879224223071e-02   1   4   5   9   0   0
   9.6582321204186194e-02   1   5   5   1   0   0
   3.0397188436709938e-02   1   5   5   3   0   0
   1.7843270331010356e-02   1   5   5   7   0   0
   4.0455921787966240e-02   1   7   5   5   0   0
   4.2339010996886306e-02   1   8   5   2   0   0
   3.9820441923122243e-02   1   8   5   4   0   0
   2.1124749945835679e-02   1   8   5  10   0   0
  -4.3682280463370636e-03   1   9   5   2   0   0
  -4.1083805958271533e-03   1   9   5   4   0   0
  -2.1794964741156672e-03   1   9   5  10   0   0
   4.5582130711811608e-02   1  10   5   8   0   0
  -4.7028293079822226e-03   1  10   5   9   0   0
   5.6703796377492399e-01   1   1   6   6   0   0
  -1.0698101917594516e-02   1   2   6   8   0   0
  -1.0369125648434503e-01   1   2   6   9   0   0
   1.2320682958649819e-01   1   3   6   6   0   0
  -1.2256879224223015e-02   1   4   6   8   0   0
  -1.1879969148978906e-01   1   4   6   9   0   0
   9.6582321204183585e-02   1   6   6   1   0   0
   3.0397188436709320e-02   1   6   6   3   0   0
   1.7843270331011137e-02   1   6   6   7   0   0
   4.0455921787966399e-02   1   7   6   6   0   0
  -4.3682280463369395e-03   1   8   6   2   0   0
  -4.1083805958269945e-03   1   8   6   4   0   0
  -2.1794964741155727e-03   1   8   6  10   0   0
  -4.2339010996885834e-02   1   9   6   2   0   0
  -3.9820441923121654e-02   1   9   6   4   0   0
  -2.1124749945835367e-02   1   9   6  10   0   0
  -4.7028293079822009e-03   1  10   6   8   0   0
  -4.5582130711811795e-02   1  10   6   9   0   0
   3.6660118329690496e-02   1   1   7   1   0   0
   5.1028006285455736e-02   1   1   7   3   0   0
   5.6836088767072490e-01   1   1   7   7   0   0
  -6.0545811567151955e-02   1   2   7   2   0   0
  -7.2937043036489943e-02   1   2   7   4   0   0
   8.2233051392015061e-02   1   2   7  10   0   0
   2.1296664559274980e-02   1   3   7   1   0   0
   2.1569421735995860e-02   1   3   7   3   0   0
   1.3749242220765062e-01   1   3   7   7   0   0
  -4.8645220878329024e-02   1   4   7   2   0   0
  -6.6510865017802484e-02   1   4   7   4   0   0
   1.0562500559494918e-01   1   4   7  10   0   0
   1.7389339261261082e-02   1   5   7   5   0   0
   1.7389339261261839e-02   1   6   7   6   0   0
   7.5935643968610661e-02   1   7   7   1   0   0
   3.6909130347891006e-02   1   7   7   3   0   0
   8.2135219572891955e-03   1   7   7   7   0   0
  -2.8313219066689627e-02   1   8   7   8   0   0
  -2.8313219066689391e-02   1   9   7   9   0   0
   1.9572167931504417e-02   1  10   7   2   0   0
   1.4725861669733069e-02   1  10   7   4   0   0
  -6.6918700729536387e-04   1  10   7  10   0   0
   5.4307919685437467e-01   1   1   8   8   0   0
   1.0734676267517915e-01   1   2   8   5   0   0
  -1.1075250185595742e-02   1   2   8   6   0   0
   1.0818683489192268e-01   1   3   8   8   0   0
   1.0771017920345750e-01   1   4   8   5   0   0
  -1.1112744832587970e-02   1   4   8   6   0   0
   5.8373991061848610e-02   1   5   8   2   0   0
   5.9481978921839727e-02   1   5   8   4   0   0
   3.3112578477986453e-02   1   5   8  10   0   0
  -6.0225994639254241e-03   1   6   8   2   0   0
  -6.1369135097913271e-03   1   6   8   4   0   0
  -3.4163125351395910e-03   1   6   8  10   0   0
  -3.5127531132590874e-03   1   7   8   8   0   0
   5.3256209730104524e-02   1   8   8   1   0   0
   1.0442579532640578e-02   1   8   8   3   0   0
  -2.7753874766748326e-02   1   8   8   7   0   0
   3.7191847123940205e-02   1  10   8   5   0   0
  -3.8371814994408635e-03   1  10   8   6   0   0
   5.4307919685437478e-01   1   1   9   9   0   0
  -1.1075250185595777e-02   1   2   9   5   0   0
  -1.0734676267517919e-01   1   2   9   6   0   0
   1.0818683489192261e-01   1   3   9   9   0   0
  -1.1112744832587999e-02   1   4   9   5   0   0
  -1.0771017920345759e-01   1   4   9   6   0   0
  -6.0225994639262212e-03   1   5   9   2   0   0
  -6.1369135097920809e-03   1   5   9   4   0   0
  -3.4163125351397267e-03   1   5   9  10   0   0
  -5.8373991061846424e-02   1   6   9   2   0   0
  -5.9481978921837646e-02   1   6   9   4   0   0
  -3.3112578477986203e-02   1   6   9  10   0   0
  -3.5127531132591507e-03   1   7   9   9   0   0
   5.3256209730103810e-02   1   9   9   1   0   0
   1.0442579532640285e-02   1   9   9   3   0   0
  -2.7753874766748093e-02   1   9   9   7   0   0
  -3.8371814994408852e-03   1  10   9   5   0   0
  -3.7191847123940122e-02   1  10   9   6   0   0
   1.3233502637288605e-02   1   1  10   2   0   0
   8.5506575182782263e-02   1   1  10   4   0   0
   5.6065164255254207e-01   1   1  10  10   0   0
   3.6749400153719930e-03   1   2  10   1   0   0
   1.8477194572065959e-02   1   2  10   3   0   0
   9.9524185535477080e-02   1   2  10   7   0   0
   1.4775998143261760e-02   1   3  10   2   0   0
   4.4754910062930975e-02   1   3  10   4   0   0
   1.3527952231564380e-01   1   3  10  10   0   0
   2.1159550332639845e-02   1   4  10   1   0   0
   3.8420629789332299e-02   1   4  10   3   0   0
   7.6033557611155392e-02   1   4  10   7   0   0
   3.7201920686476590e-02   1   5  10   8   0   0
  -3.8382208156026334e-03   1   5  10   9   0   0
  -3.8382208156025055e-03   1   6  10   8   0   0
  -3.7201920686476368e-02   1   6  10   9   0   0
   3.6355549453044977e-02   1   7  10   2   0   0
   3.9464015748289928e-02   1   7  10   4   0   0
  -5.8602513940605215e-03   1   7  10  10   0   0
   1.9231346532417200e-02   1   8  10   5   0   0
  -1.9841490227040831e-03   1   8  10   6   0   0
  -1.9841490227041729e-03   1   9  10   5   0   0
  -1.9231346532416916e-02   1   9  10   6   0   0
   4.8166767508603485e-02   1  10  10   1   0   0
   3.1574606139531745e-02   1  10  10   3   0   0
  -8.5455480469820780e-03   1  10  10   7   0   0
   9.7201748627939996e-02   2   1   2   1   0   0
   3.5173318924356389e-01   2   2   2   2   0   0
  -9.4408767654687205e-03   2   3   2   1   0   0
   3.2350311345587683e-02   2   3   2   3   0   0
   6.1080193537158267e-02   2   4   2   2   0   0
   7.9391747658969489e-02   2   4   2   4   0   0
   3.7370480055881505e-02   2   5   2   5   0   0
   3.7370480055880874e-02   2   6   2   6   0   0
  -6.7677526965340962e-02   2   7   2   1   0   0
  -8.0089658770135189e-03   2   7   2   3   0   0
   7.3642970365203314e-02   2   7   2   7   0   0
   5.9233384761800636e-02   2   8   2   8   0   0
   5.9233384761799478e-02   2   9   2   9   0   0
  -2.6276414156239585e-02   2  10   2   2   0   0
  -1.8716752522814635e-03   2  10   2   4   0   0
   6.3325092272074002e-02   2  10   2  10   0   0
  -1.8172258988363020e-02   2   1   3   2   0   0
   7.6684026645870096e-02   2   1   3   4   0   0
   3.6839961658764409e-02   2   1   3  10   0   0
   6.2814819549901729e-02   2   2   3   1   0   0
   3.3633158236935667e-01   2   2   3   3   0   0
  -1.5358254753999397e-03   2   2   3   7   0   0
   3.0898032867736968e-02   2   3   3   2   0   0
   1.2467242990164516e-02   2   3   3   4   0   0
   1.7225978910343064e-02   2   3   3  10   0   0
   6.5032903856122662e-02   2   4   3   1   0   0
   7.5345433886665300e-02   2   4   3   3   0   0
   4.7507046784794294e-03   2   4   3   7   0   0
   1.3901416530581851e-02   2   5   3   8   0   0
  -1.4342460096001799e-03   2   5   3   9   0   0
  -1.4342460096001053e-03   2   6   3   8   0   0
  -1.3901416530581601e-02   2   6   3   9   0   0
  -2.6411122396293105e-03   2   7   3   2   0   0
  -4.7054663653267853e-02   2   7   3   4   0   0
  -1.7673111383932655e-02   2   7   3  10   0   0
   1.3851262181382587e-02   2   8   3   5   0   0
  -1.4290714523852886e-03   2   8   3   6   0   0
  -1.4290714523854452e-03   2   9   3   5   0   0
  -1.3851262181382220e-02   2   9   3   6   0   0
   2.2442642363221223e-02   2  10   3   1   0   0
   1.9458309230542748e-02   2  10   3   3   0   0
   2.6227172914202301e-02   2  10   3   7   0   0
   6.8832536991857207e-02   2   1   4   1   0   0
   9.1682889106645404e-02   2   1   4   3   0   0
  -5.7138628765468949e-02   2   1   4   7   0   0
   8.1366784634895550e-02   2   2   4   2   0   0
   3.8164387704304514e-01   2   2   4   4   0   0
  -5.4465277077575596e-03   2   2   4  10   0   0
   1.9915987192707235e-02   2   3   4   1   0   0
   2.2193903351374437e-03   2   3   4   3   0   0
  -1.9752554414686051e-02   2   3   4   7   0   0
   7.1790329846462858e-02   2   4   4   2   0   0
   1.2633079083950471e-01   2   4   4   4   0   0
   2.8050490121951301e-02   2   4   4  10   0   0
   3.5799560608746006e-02   2   5   4   5   0   0
   3.5799560608745375e-02   2   6   4   6   0   0
  -6.0004170714021740e-02   2   7   4   1   0   0
  -5.5088241695667596e-02   2   7   4   3   0   0
   6.7357932688327349e-02   2   7   4   7   0   0
   5.0125604844595842e-02   2   8   4   8   0   0
   5.0125604844594732e-02   2   9   4   9   0   0
  -1.7249375592482531e-03   2  10   4   2   0   0
  -3.5798373046695303e-03   2  10   4   4   0   0
   6.8131744900431446e-02   2  10   4  10   0   0
   1.1051201142827412e-01   2   1   5   8   0   0
  -1.1401817293597421e-02   2   1   5   9   0   0
   4.0506483117316266e-01   2   2   5   5   0   0
   1.4188936949196582e-02   2   3   5   8   0   0
  -1.4639102536841855e-03   2   3   5   9   0   0
   1.2896241185325893e-01   2   4   5   5   0   0
   2.8000648130687596e-02   2   5   5   2   0   0
   2.4455182191491405e-02   2   5   5   4   0   0
   8.9527408805816482e-03   2   5   5  10   0   0
  -7.9278629270035927e-02   2   7   5   8   0   0
   8.1793864263385446e-03   2   7   5   9   0   0
   6.3956648912642258e-02   2   8   5   1   0   0
   1.7333513156534648e-02   2   8   5   3   0   0
  -6.7021433011907805e-03   2   8   5   7   0   0
  -6.5985770794335643e-03   2   9   5   1   0   0
  -1.7883445203171133e-03   2   9   5   3   0   0
   6.9147789826709864e-04   2   9   5   7   0   0
   2.2520840750832445e-02   2  10   5   5   0   0
  -1.1401817293597384e-02   2   1   6   8   0   0
  -1.1051201142827416e-01   2   1   6   9   0   0
   4.0506483117316300e-01   2   2   6   6   0   0
  -1.4639102536841595e-03   2   3   6   8   0   0
  -1.4188936949196582e-02   2   3   6   9   0   0
   1.2896241185325905e-01   2   4   6   6   0   0
   2.8000648130686961e-02   2   6   6   2   0   0
   2.4455182191490739e-02   2   6   6   4   0   0
   8.9527408805814158e-03   2   6   6  10   0   0
   8.1793864263385082e-03   2   7   6   8   0   0
   7.9278629270036038e-02   2   7   6   9   0   0
  -6.5985770794328930e-03   2   8   6   1   0   0
  -1.7883445203169415e-03   2   8   6   3   0   0
   6.9147789826696420e-04   2   8   6   7   0   0
  -6.3956648912640801e-02   2   9   6   1   0   0
  -1.7333513156534235e-02   2   9   6   3   0   0
   6.7021433011904630e-03   2   9   6   7   0   0
   2.2520840750831102e-02   2  10   6   6   0   0
  -6.5889727494768235e-02   2   1   7   2   0   0
  -7.8289988511660580e-02   2   1   7   4   0   0
   9.0703938033096176e-02   2   1   7  10   0   0
  -8.6092548905820840e-03   2   2   7   1   0   0
   2.4901200332645299e-02   2   2   7   3   0   0
   4.2372980108872638e-01   2   2   7   7   0   0
   1.3918218851096219e-02   2   3   7   2   0   0
   1.0480293813682682e-02   2   3   7   4   0   0
   2.2863994095867569e-02   2   3   7  10   0   0
  -1.5041100641511333e-03   2   4   7   1   0   0
   8.1853054155988821e-03   2   4   7   3   0   0
   1.4378133967882270e-01   2   4   7   7   0   0
  -2.1981201462910740e-02   2   5   7   8   0   0
   2.2678588484160767e-03   2   5   7   9   0   0
   2.2678588484159878e-03   2   6   7   8   0   0
   2.1981201462910341e-02   2   6   7   9   0   0
   6.3859258302248034e-02   2   7   7   2   0   0
   7.3177411108763954e-02   2   7   7   4   0   0
  -9.0570106313985238e-02   2   7   7  10   0   0
  -6.1589172915398997e-03   2   8   7   5   0   0
   6.3543183023219072e-04   2   8   7   6   0   0
   6.3543183023231909e-04   2   9   7   5   0   0
   6.1589172915395970e-03   2   9   7   6   0   0
   4.6354631109357405e-02   2  10   7   1   0   0
   1.3619358521291499e-02   2  10   7   3   0   0
  -2.2371497638583492e-02   2  10   7   7   0   0
   1.1416751761910830e-01   2   1   8   5   0   0
  -1.1778965561598607e-02   2   1   8   6   0   0
   4.1072850334865213e-01   2   2   8   8   0   0
  -1.5318316310467650e-03   2   3   8   5   0   0
   1.5804313174666660e-04   2   3   8   6   0   0
   1.2820651416384876e-01   2   4   8   8   0   0
   3.3079244530600127e-02   2   5   8   1   0   0
   4.3942384439432250e-03   2   5   8   3   0   0
  -2.1254328886573696e-02   2   5   8   7   0   0
  -3.4128733833870516e-03   2   6   8   1   0   0
  -4.5336523365023551e-04   2   6   8   3   0   0
   2.1928654770710064e-03   2   6   8   7   0   0
  -8.1962968506537032e-02   2   7   8   5   0   0
   8.4563368241555321e-03   2   7   8   6   0   0
   4.8233976526102611e-02   2   8   8   2   0   0
   4.5865009284328795e-02   2   8   8   4   0   0
   9.9388957734802916e-03   2   8   8  10   0   0
  -4.9345681418945454e-04   2  10   8   8   0   0
  -1.1778965561598648e-02   2   1   9   5   0   0
  -1.1416751761910829e-01   2   1   9   6   0   0
   4.1072850334865219e-01   2   2   9   9   0   0
   1.5804313174666890e-04   2   3   9   5   0   0
   1.5318316310466576e-03   2   3   9   6   0   0
   1.2820651416384865e-01   2   4   9   9   0   0
  -3.4128733833872684e-03   2   5   9   1   0   0
  -4.5336523365030565e-04   2   5   9   3   0   0
   2.1928654770710944e-03   2   5   9   7   0   0
  -3.3079244530599232e-02   2   6   9   1   0   0
  -4.3942384439429631e-03   2   6   9   3   0   0
   2.1254328886573293e-02   2   6   9   7   0   0
   8.4563368241555616e-03   2   7   9   5   0   0
   8.1962968506537073e-02   2   7   9   6   0   0
   4.8233976526101459e-02   2   9   9   2   0   0
   4.5865009284327671e-02   2   9   9   4   0   0
   9.9388957734800921e-03   2   9   9  10   0   0
  -4.9345681418941844e-04   2  10   9   9   0   0
   1.8536734720129345e-03   2   1  10   1   0   0
   1.7159352973490905e-02   2   1  10   3   0   0
   1.0799507217655818e-01   2   1  10   7   0   0
  -1.3021953603265477e-02   2   2  10   2   0   0
   3.5225246404356036e-02   2   2  10   4   0   0
   4.2471402072357739e-01   2   2  10  10   0   0
   1.5303541152255615e-02   2   3  10   1   0   0
   1.7075928084698058e-02   2   3  10   3   0   0
  -2.6869864838903638e-02   2   3  10   7   0   0
   3.7454943610300035e-03   2   4  10   2   0   0
   3.0753698024517977e-02   2   4  10   4   0   0
   1.4398329909819524e-01   2   4  10  10   0   0
   8.4226264397268581e-03   2   5  10   5   0   0
   8.4226264397266465e-03   2   6  10   6   0   0
   1.2439624743119231e-02   2   7  10   1   0   0
  -1.2276838970127431e-02   2   7  10   3   0   0
  -9.0537269368315326e-02   2   7  10   7   0   0
   1.5140165843047703e-02   2   8  10   8   0   0
   1.5140165843047521e-02   2   9  10   9   0   0
   3.7775362561631401e-02   2  10  10   2   0   0
   3.8561232364204660e-02   2  10  10   4   0   0
  -2.2111460961278355e-02   2  10  10  10   0   0
   6.2282935770487532e-02   3   1   3   1   0   0
   2.9445754389886364e-02   3   2   3   2   0   0
   9.0434760307968362e-02   3   3   3   1   0   0
   3.6816076942952136e-01   3   3   3   3   0   0
   1.5626913902170747e-03   3   4   3   2   0   0
   7.1414137390872143e-02   3   4   3   4   0   0
   2.0800407400034686e-02   3   5   3   5   0   0
   2.0800407400034467e-02   3   6   3   6   0   0
   2.7996046667292010e-02   3   7   3   1   0   0
   2.0023534107175705e-02   3   7   3   3   0   0
   3.9715042492024018e-02   3   7   3   7   0   0
   1.2978965681393940e-02   3   8   3   8   0   0
   1.2978965681393860e-02   3   9   3   9   0   0
   1.2408635700704320e-02   3  10   3   2   0   0
   4.7975763373012771e-02   3  10   3   4   0   0
   4.4802132950322392e-02   3  10   3  10   0   0
   5.4610829285928517e-02   3   1   4   2   0   0
   1.1974613958678687e-01   3   1   4   4   0   0
   5.7377496971482055e-02   3   1   4  10   0   0
   9.6028654554921461e-03   3   2   4   1   0   0
  -8.6851612648113502e-03   3   2   4   3   0   0
  -1.2713979404752147e-02   3   2   4   7   0   0
   9.3868050029918812e-02   3   3   4   2   0   0
   3.9959239003214247e-01   3   3   4   4   0   0
   4.9123083561133138e-02   3   3   4  10   0   0
   7.0688130752435283e-02   3   4   4   1   0   0
   8.7555616795886457e-02   3   4   4   3   0   0
  -4.2877014214475158e-02   3   4   4   7   0   0
   2.4359706075031962e-02   3   5   4   8   0   0
  -2.5132554769715983e-03   3   5   4   9   0   0
  -2.5132554769714023e-03   3   6   4   8   0   0
  -2.4359706075031257e-02   3   6   4   9   0   0
   5.6593633486829425e-03   3   7   4   2   0   0
   5.5056263948933658e-03   3   7   4   4   0   0
   4.0373056109604115e-02   3   7   4  10   0   0
   1.9521422724255211e-02   3   8   4   5   0   0
  -2.0140769526893858e-03   3   8   4   6   0   0
  -2.0140769526894539e-03   3   9   4   5   0   0
  -1.9521422724255080e-02   3   9   4   6   0   0
   4.5876168681161233e-02   3  10   4   1   0   0
   4.9606900702076066e-02   3  10   4   3   0   0
  -1.6219871680892489e-02   3  10   4   7   0   0
   1.3332785127428651e-01   3   1   5   5   0   0
   3.3560962222559205e-03   3   2   5   8   0   0
  -3.4625734751674985e-04   3   2   5   9   0   0
   4.3349509872077807e-01   3   3   5   5   0   0
   8.4842706571309059e-02   3   4   5   8   0   0
  -8.7534470372771147e-03   3   4   5   9   0   0
   1.7417353181353221e-02   3   5   5   1   0   0
   1.4146426703403539e-02   3   5   5   3   0   0
   1.0582682209807043e-02   3   5   5   7   0   0
   3.8029096821137136e-02   3   7   5   5   0   0
   1.0331832885183157e-02   3   8   5   2   0   0
   1.5708694924222232e-02   3   8   5   4   0   0
   1.1354965525836758e-02   3   8   5  10   0   0
  -1.0659625984755314e-03   3   9   5   2   0   0
  -1.6207077143201869e-03   3   9   5   4   0   0
  -1.1715219063288677e-03   3   9   5  10   0   0
   5.5911376553460818e-02   3  10   5   8   0   0
  -5.7685249943155862e-03   3  10   5   9   0   0
   1.3332785127428609e-01   3   1   6   6   0   0
  -3.4625734751672708e-04   3   2   6   8   0   0
  -3.3560962222558182e-03   3   2   6   9   0   0
   4.3349509872077846e-01   3   3   6   6   0   0
  -8.7534470372771112e-03   3   4   6   8   0   0
  -8.4842706571309115e-02   3   4   6   9   0   0
   1.7417353181352090e-02   3   6   6   1   0   0
   1.4146426703403284e-02   3   6   6   3   0   0
   1.0582682209807105e-02   3   6   6   7   0   0
   3.8029096821137053e-02   3   7   6   6   0   0
  -1.0659625984754735e-03   3   8   6   2   0   0
  -1.6207077143201194e-03   3   8   6   4   0   0
  -1.1715219063288317e-03   3   8   6  10   0   0
  -1.0331832885183001e-02   3   9   6   2   0   0
  -1.5708694924222069e-02   3   9   6   4   0   0
  -1.1354965525836687e-02   3   9   6  10   0   0
  -5.7685249943155541e-03   3  10   6   8   0   0
  -5.5911376553461040e-02   3  10   6   9   0   0
   1.6727536489838234e-02   3   1   7   1   0   0
   1.7551985845909758e-02   3   1   7   3   0   0
   1.4163097096310942e-01   3   1   7   7   0   0
   1.9286072488480806e-02   3   2   7   2   0   0
   1.7518868823616279e-02   3   2   7   4   0   0
   1.4165507814299018e-02   3   2   7  10   0   0
   2.5532559822404429e-02   3   3   7   1   0   0
   3.4787433598276900e-02   3   3   7   3   0   0
   4.3792654005447218e-01   3   3   7   7   0   0
  -4.7447423179641048e-02   3   4   7   2   0   0
  -6.5578385942745510e-02   3   4   7   4   0   0
   6.1749271505405288e-02   3   4   7  10   0   0
   9.1000204292251106e-03   3   5   7   5   0   0
   9.1000204292251557e-03   3   6   7   6   0   0
   3.8073160225977502e-02   3   7   7   1   0   0
   2.8665598396457700e-02   3   7   7   3   0   0
   3.6934913576242227e-02   3   7   7   7   0   0
  -5.0430783630830917e-03   3   8   7   8   0   0
  -5.0430783630829997e-03   3   9   7   9   0   0
  -1.0113492496104210e-02   3  10   7   2   0   0
  -1.2469925942425304e-02   3  10   7   4   0   0
   4.3358140504530157e-02   3  10   7  10   0   0
   1.2047373415244556e-01   3   1   8   8   0   0
  -1.2364672357987614e-02   3   2   8   5   0   0
   1.2756960379141039e-03   3   2   8   6   0   0
   4.1916306534730197e-01   3   3   8   8   0   0
   8.8957658279998950e-02   3   4   8   5   0   0
  -9.1779975177912424e-03   3   4   8   6   0   0
   5.3051471692350579e-03   3   5   8   2   0   0
   1.3706268351286681e-02   3   5   8   4   0   0
   1.3179896836178089e-02   3   5   8  10   0   0
  -5.4734610254115069e-04   3   6   8   2   0   0
  -1.4141120544150234e-03   3   6   8   4   0   0
  -1.3598049092798637e-03   3   6   8  10   0   0
   1.6670794167410519e-02   3   7   8   8   0   0
   1.5741519469413254e-02   3   8   8   1   0   0
   9.5871600259790253e-03   3   8   8   3   0   0
  -5.2366847416621363e-03   3   8   8   7   0   0
   4.9331009056412432e-02   3  10   8   5   0   0
  -5.0896110287076603e-03   3  10   8   6   0   0
   1.2047373415244542e-01   3   1   9   9   0   0
   1.2756960379141213e-03   3   2   9   5   0   0
   1.2364672357987470e-02   3   2   9   6   0   0
   4.1916306534730219e-01   3   3   9   9   0   0
  -9.1779975177912598e-03   3   4   9   5   0   0
  -8.8957658279998839e-02   3   4   9   6   0   0
  -5.4734610254137501e-04   3   5   9   2   0   0
  -1.4141120544152335e-03   3   5   9   4   0   0
  -1.3598049092799331e-03   3   5   9  10   0   0
  -5.3051471692342591e-03   3   6   9   2   0   0
  -1.3706268351285949e-02   3   6   9   4   0   0
  -1.3179896836177840e-02   3   6   9  10   0   0
   1.6670794167410470e-02   3   7   9   9   0   0
   1.5741519469413053e-02   3   9   9   1   0   0
   9.5871600259789507e-03   3   9   9   3   0   0
  -5.2366847416620470e-03   3   9   9   7   0   0
  -5.0896110287076864e-03   3  10   9   5   0   0
  -4.9331009056412370e-02   3  10   9   6   0   0
   9.6479615643655110e-03   3   1  10   2   0   0
   3.4020100665449277e-02   3   1  10   4   0   0
   1.3934668598908104e-01   3   1  10  10   0   0
   1.1315098358562434e-02   3   2  10   1   0   0
   1.2258584875058797e-02   3   2  10   3   0   0
  -3.5568351120472068e-02   3   2  10   7   0   0
   1.1786970434742307e-02   3   3  10   2   0   0
   6.4602334334885617e-02   3   3  10   4   0   0
   4.3654874439947877e-01   3   3  10  10   0   0
   1.2340870030385667e-02   3   4  10   1   0   0
   2.3688833478816271e-02   3   4  10   3   0   0
   8.1798488404712932e-02   3   4  10   7   0   0
   1.4178634773703127e-02   3   5  10   8   0   0
  -1.4628473509174674e-03   3   5  10   9   0   0
  -1.4628473509174030e-03   3   6  10   8   0   0
  -1.4178634773702887e-02   3   6  10   9   0   0
   1.2538923891115458e-02   3   7  10   2   0   0
   2.2393768987352257e-02   3   7  10   4   0   0
   2.9293320321229568e-02   3   7  10  10   0   0
   1.0354534149222648e-02   3   8  10   5   0   0
  -1.0683047480895247e-03   3   8  10   6   0   0
  -1.0683047480895629e-03   3   9  10   5   0   0
  -1.0354534149222583e-02   3   9  10   6   0   0
   2.8081011802525362e-02   3  10  10   1   0   0
   3.1554913343539576e-02   3  10  10   3   0   0
   2.8469605286814720e-02   3  10  10   7   0   0
   6.7888588366150290e-02   4   1   4   1   0   0
   6.4188912033978335e-02   4   2   4   2   0   0
   7.5821448856831869e-02   4   3   4   1   0   0
   1.0369709620090109e-01   4   3   4   3   0   0
   1.3416869021956157e-01   4   4   4   2   0   0
   4.8271081345442846e-01   4   4   4   4   0   0
   3.9401982462009578e-02   4   5   4   5   0   0
   3.9401982462009072e-02   4   6   4   6   0   0
  -5.9980665485282997e-02   4   7   4   1   0   0
  -5.1434565118360066e-02   4   7   4   3   0   0
   6.7835958659353254e-02   4   7   4   7   0   0
   5.4036474521349111e-02   4   8   4   8   0   0
   5.4036474521347917e-02   4   9   4   9   0   0
   2.5498574601439221e-02   4  10   4   2   0   0
   4.4491905337074616e-02   4  10   4   4   0   0
   9.3872269621982724e-02   4  10   4  10   0   0
   9.7695267042684608e-02   4   1   5   8   0   0
  -1.0079479785714149e-02   4   1   5   9   0   0
   1.4751028339868860e-01   4   2   5   5   0   0
   9.8717131128941912e-02   4   3   5   8   0   0
  -1.0184908213446232e-02   4   3   5   9   0   0
   4.8967476014529410e-01   4   4   5   5   0   0
   2.6273412680537907e-02   4   5   5   2   0   0
   2.8358282359742026e-02   4   5   5   4   0   0
   1.3842265397295349e-02   4   5   5  10   0   0
  -6.8980468096241934e-02   4   7   5   8   0   0
   7.1168978276233748e-03   4   7   5   9   0   0
   5.1377780132397688e-02   4   8   5   1   0   0
   2.0980501235248701e-02   4   8   5   3   0   0
  -3.4126274894474124e-03   4   8   5   7   0   0
  -5.3007818285927535e-03   4   9   5   1   0   0
  -2.1646139521011402e-03   4   9   5   3   0   0
   3.5208982827217462e-04   4   9   5   7   0   0
   7.1161968968893874e-02   4  10   5   5   0   0
  -1.0079479785714099e-02   4   1   6   8   0   0
  -9.7695267042684567e-02   4   1   6   9   0   0
   1.4751028339868824e-01   4   2   6   6   0   0
  -1.0184908213446224e-02   4   3   6   8   0   0
  -9.8717131128942093e-02   4   3   6   9   0   0
   4.8967476014529449e-01   4   4   6   6   0   0
   2.6273412680537407e-02   4   6   6   2   0   0
   2.8358282359741485e-02   4   6   6   4   0   0
   1.3842265397295132e-02   4   6   6  10   0   0
   7.1168978276233618e-03   4   7   6   8   0   0
   6.8980468096241754e-02   4   7   6   9   0   0
  -5.3007818285921143e-03   4   8   6   1   0   0
  -2.1646139521009802e-03   4   8   6   3   0   0
   3.5208982827207439e-04   4   8   6   7   0   0
  -5.1377780132396023e-02   4   9   6   1   0   0
  -2.0980501235248243e-02   4   9   6   3   0   0
   3.4126274894471231e-03   4   9   6   7   0   0
   7.1161968968893652e-02   4  10   6   6   0   0
  -3.7891451106747305e-02   4   1   7   2   0   0
  -5.2266359320635530e-02   4   1   7   4   0   0
   8.9653012334148130e-02   4   1   7  10   0   0
   1.9042672146788828e-03   4   2   7   1   0   0
   9.0939640858293674e-03   4   2   7   3   0   0
   1.5549918131045215e-01   4   2   7   7   0   0
  -5.5481001222041672e-02   4   3   7   2   0   0
  -7.4135936846626643e-02   4   3   7   4   0   0
   7.5050550675183278e-02   4   3   7  10   0   0
  -3.0683071412659600e-03   4   4   7   1   0   0
   2.5887315508592450e-02   4   4   7   3   0   0
   5.1640426649706772e-01   4   4   7   7   0   0
  -1.9350336370923864e-02   4   5   7   8   0   0
   1.9964255199004135e-03   4   5   7   9   0   0
   1.9964255199003346e-03   4   6   7   8   0   0
   1.9350336370923555e-02   4   6   7   9   0   0
   5.5067050757205131e-02   4   7   7   2   0   0
   7.2602275651133488e-02   4   7   7   4   0   0
  -7.5731756139625114e-02   4   7   7  10   0   0
  -4.1607860194932973e-03   4   8   7   5   0   0
   4.2927932791091296e-04   4   8   7   6   0   0
   4.2927932791100750e-04   4   9   7   5   0   0
   4.1607860194930249e-03   4   9   7   6   0   0
   5.4245186102684514e-02   4  10   7   1   0   0
   2.6933434673269387e-02   4  10   7   3   0   0
   3.5174225183769392e-02   4  10   7   7   0   0
   8.6605754756352973e-02   4   1   8   5   0   0
  -8.9353453940790428e-03   4   1   8   6   0   0
   1.4555423283163943e-01   4   2   8   8   0   0
   1.0283208283763201e-01   4   3   8   5   0   0
  -1.0609458693960353e-02   4   3   8   6   0   0
   4.8906143247329409e-01   4   4   8   8   0   0
   3.3358064676874299e-02   4   5   8   1   0   0
   1.0164191334510516e-02   4   5   8   3   0   0
  -1.8934419699790227e-02   4   5   8   7   0   0
  -3.4416399973008641e-03   4   6   8   1   0   0
  -1.0486665751122122e-03   4   6   8   3   0   0
   1.9535142939409310e-03   4   6   8   7   0   0
  -7.0575819959343505e-02   4   7   8   5   0   0
   7.2814945101649072e-03   4   7   8   6   0   0
   3.5499537854342032e-02   4   8   8   2   0   0
   4.1934515049412924e-02   4   8   8   4   0   0
   1.3003353684957341e-02   4   8   8  10   0   0
   4.3590593597384507e-02   4  10   8   8   0   0
  -8.9353453940790618e-03   4   1   9   5   0   0
  -8.6605754756353029e-02   4   1   9   6   0   0
   1.4555423283163921e-01   4   2   9   9   0   0
  -1.0609458693960384e-02   4   3   9   5   0   0
  -1.0283208283763172e-01   4   3   9   6   0   0
   4.8906143247329431e-01   4   4   9   9   0   0
  -3.4416399973010540e-03   4   5   9   1   0   0
  -1.0486665751122872e-03   4   5   9   3   0   0
   1.9535142939410091e-03   4   5   9   7   0   0
  -3.3358064676873578e-02   4   6   9   1   0   0
  -1.0164191334510289e-02   4   6   9   3   0   0
   1.8934419699789918e-02   4   6   9   7   0   0
   7.2814945101649098e-03   4   7   9   5   0   0
   7.0575819959343616e-02   4   7   9   6   0   0
   3.5499537854340756e-02   4   9   9   2   0   0
   4.1934515049411696e-02   4   9   9   4   0   0
   1.3003353684957062e-02   4   9   9  10   0   0
   4.3590593597384535e-02   4  10   9   9   0   0
   1.2698354211650610e-02   4   1  10   1   0   0
   2.5851436023616257e-02   4   1  10   3   0   0
   6.0061564350354250e-02   4   1  10   7   0   0
   3.8922320540675974e-03   4   2  10   2   0   0
   2.8201782504022187e-02   4   2  10   4   0   0
   1.5514547786915733e-01   4   2  10  10   0   0
   1.3388424044358548e-02   4   3  10   1   0   0
   2.5319970807879937e-02   4   3  10   3   0   0
   9.5099767574491165e-02   4   3  10   7   0   0
   9.8084420849200689e-04   4   4  10   2   0   0
   6.7054648286833218e-02   4   4  10   4   0   0
   5.1873607169576874e-01   4   4  10  10   0   0
   1.2834670731271331e-02   4   5  10   5   0   0
   1.2834670731271118e-02   4   6  10   6   0   0
   1.1301653724123039e-02   4   7  10   1   0   0
  -9.0777624048591979e-03   4   7  10   3   0   0
  -7.3559200270343711e-02   4   7  10   7   0   0
   1.7812320369444960e-02   4   8  10   8   0   0
   1.7812320369444690e-02   4   9  10   9   0   0
   4.1616147658223898e-02   4  10  10   2   0   0
   6.1192432198157676e-02   4  10  10   4   0   0
   4.1305748176726255e-02   4  10  10  10   0   0
   7.3905513607833831e-02   5   1   5   1   0   0
   1.8630816205493787e-02   5   2   5   2   0   0
   1.7071664138897567e-02   5   3   5   1   0   0
   7.4924460067724115e-03   5   3   5   3   0   0
   1.4929034263283382e-02   5   4   5   2   0   0
   1.7314582257474568e-02   5   4   5   4   0   0
   6.1900265543594590e-01   5   5   5   5   0   0
   2.7146666070422105e-02   5   6   5   6   0   0
   1.2825209622853521e-02   5   7   5   1   0   0
   7.2161167965032946e-03   5   7   5   3   0   0
   3.4088787551255113e-02   5   7   5   7   0   0
   1.8339416106559495e-01   5   8   5   8   0   0
  -1.6597665693924311e-02   5   9   5   8   0   0
   2.4233860999455847e-02   5   9   5   9   0   0
   6.1657280656867239e-03   5  10   5   2   0   0
   9.5042739688150583e-03   5  10   5   4   0   0
   2.7562556468327531e-02   5  10   5  10   0   0
   5.6470932329510160e-01   5   5   6   6   0   0
   2.7146666070422099e-02   5   6   6   5   0   0
  -1.6597665693925200e-02   5   8   6   8   0   0
  -1.3835128943899169e-01   5   8   6   9   0   0
  -2.0809010627147503e-02   5   9   6   8   0   0
   1.6597665693924322e-02   5   9   6   9   0   0
   1.2371278553103904e-02   5   1   7   5   0   0
  -1.5593411293223999e-02   5   2   7   8   0   0
   1.6088135963814069e-03   5   2   7   9   0   0
   5.7334550159213460e-03   5   3   7   5   0   0
  -1.2663307859435006e-02   5   4   7   8   0   0
   1.3065070545709052e-03   5   4   7   9   0   0
   3.7986329305922099e-02   5   5   7   1   0   0
   5.1388236284895229e-02   5   5   7   3   0   0
   5.7308080606545875e-01   5   5   7   7   0   0
   3.3150039468522151e-02   5   7   7   5   0   0
  -6.7392957186638069e-02   5   8   7   2   0   0
  -8.2767192477649479e-02   5   8   7   4   0   0
   1.1261116135375694e-01   5   8   7  10   0   0
   6.9531101170475888e-03   5   9   7   2   0   0
   8.5393107440325192e-03   5   9   7   4   0   0
  -1.1618392158291318e-02   5   9   7  10   0   0
   1.2578477879828673e-02   5  10   7   8   0   0
  -1.2977549206082677e-03   5  10   7   9   0   0
   4.6924545082322702e-02   5   1   8   2   0   0
   4.1692474351595253e-02   5   1   8   4   0   0
   2.4287110546739099e-02   5   1   8  10   0   0
   2.0025924727733731e-02   5   2   8   1   0   0
   8.2465479854462308e-04   5   2   8   3   0   0
  -1.4866538716886955e-02   5   2   8   7   0   0
   8.7873981443871967e-03   5   3   8   2   0   0
   1.0327063511503523e-02   5   3   8   4   0   0
   1.0443290971107183e-02   5   3   8  10   0   0
   1.7483132553632610e-02   5   4   8   1   0   0
   6.3514635344775507e-03   5   4   8   3   0   0
  -1.2247391188301378e-02   5   4   8   7   0   0
   5.9211206134805805e-01   5   5   8   8   0   0
  -5.1612177417396316e-03   5   5   8   9   0   0
  -5.1612177417393670e-03   5   6   8   8   0   0
  -2.4746279977870600e-02   5   6   8   9   0   0
  -6.4153874459819083e-03   5   7   8   2   0   0
  -4.0732308930811834e-03   5   7   8   4   0   0
   2.4610941751857945e-02   5   7   8  10   0   0
   1.7534677961962097e-01   5   8   8   5   0   0
  -1.6007122653056597e-02   5   8   8   6   0   0
  -1.6007122653055702e-02   5   9   8   5   0   0
  -1.8546390177723745e-02   5   9   8   6   0   0
   1.1604554841606574e-02   5  10   8   1   0   0
   6.9582967805633085e-03   5  10   8   3   0   0
   1.1133996588779876e-02   5  10   8   7   0   0
  -4.8413297586308874e-03   5   1   9   2   0   0
  -4.3015231460469391e-03   5   1   9   4   0   0
  -2.5057656037964673e-03   5   1   9  10   0   0
  -2.0661277623126337e-03   5   2   9   1   0   0
  -8.5081822525686349e-05   5   2   9   3   0   0
   1.5338202250364246e-03   5   2   9   7   0   0
  -9.0661917047305863e-04   5   3   9   2   0   0
  -1.0654705295448546e-03   5   3   9   4   0   0
  -1.0774620247838323e-03   5   3   9  10   0   0
  -1.8037811503019933e-03   5   4   9   1   0   0
  -6.5529733674302420e-04   5   4   9   3   0   0
   1.2635958286115008e-03   5   4   9   7   0   0
  -5.1612177417396368e-03   5   5   9   8   0   0
   5.4261950139231652e-01   5   5   9   9   0   0
  -2.4746279977870600e-02   5   6   9   8   0   0
   5.1612177417396888e-03   5   6   9   9   0   0
   6.6189253621716060e-04   5   7   9   2   0   0
   4.2024603332542493e-04   5   7   9   4   0   0
  -2.5391761280191142e-03   5   7   9  10   0   0
  -1.6007122653056705e-02   5   8   9   5   0   0
  -1.3495100467512275e-01   5   8   9   6   0   0
   2.1849384766774366e-02   5   9   9   5   0   0
   1.6007122653055691e-02   5   9   9   6   0   0
  -1.1972726979402779e-03   5  10   9   1   0   0
  -7.1790593204525989e-04   5  10   9   3   0   0
  -1.1487239550896705e-03   5  10   9   7   0   0
   2.8376452755229237e-02   5   1  10   8   0   0
  -2.9276738842593758e-03   5   1  10   9   0   0
   5.6356136248319399e-03   5   2  10   5   0   0
   1.1442028908632218e-02   5   3  10   8   0   0
  -1.1805044664213681e-03   5   3  10   9   0   0
   8.4966793027910492e-03   5   4  10   5   0   0
   1.3360611335977993e-02   5   5  10   2   0   0
   8.3914820562684858e-02   5   5  10   4   0   0
   5.6319084251971663e-01   5   5  10  10   0   0
   2.0153929188776454e-02   5   7  10   8   0   0
  -2.0793343220222526e-03   5   7  10   9   0   0
   1.6322019458534075e-02   5   8  10   1   0   0
   2.8811376910979222e-02   5   8  10   3   0   0
   1.1101361637764651e-01   5   8  10   7   0   0
  -1.6839860330434137e-03   5   9  10   1   0   0
  -2.9725461628136753e-03   5   9  10   3   0   0
  -1.1453569206464582e-02   5   9  10   7   0   0
   2.2771044689471977e-02   5  10  10   5   0   0
   7.3905513607831763e-02   6   1   6   1   0   0
   1.8630816205493138e-02   6   2   6   2   0   0
   1.7071664138895937e-02   6   3   6   1   0   0
   7.4924460067719925e-03   6   3   6   3   0   0
   1.4929034263282792e-02   6   4   6   2   0   0
   1.7314582257473923e-02   6   4   6   4   0   0
   2.7146666070422102e-02   6   5   6   5   0   0
   6.1900265543540733e-01   6   6   6   6   0   0
   1.2825209622852876e-02   6   7   6   1   0   0
   7.2161167965032235e-03   6   7   6   3   0   0
   3.4088787551255245e-02   6   7   6   7   0   0
   2.4233860999455764e-02   6   8   6   8   0   0
   1.6597665693922126e-02   6   9   6   8   0   0
   1.8339416106556497e-01   6   9   6   9   0   0
   6.1657280656865574e-03   6  10   6   2   0   0
   9.5042739688148657e-03   6  10   6   4   0   0
   2.7562556468327431e-02   6  10   6  10   0   0
   1.2371278553104532e-02   6   1   7   6   0   0
   1.6088135963813228e-03   6   2   7   8   0   0
   1.5593411293223589e-02   6   2   7   9   0   0
   5.7334550159213373e-03   6   3   7   6   0   0
   1.3065070545708176e-03   6   4   7   8   0   0
   1.2663307859434645e-02   6   4   7   9   0   0
   3.7986329305926464e-02   6   6   7   1   0   0
   5.1388236284874628e-02   6   6   7   3   0   0
   5.7308080606491918e-01   6   6   7   7   0   0
   3.3150039468522283e-02   6   7   7   6   0   0
   6.9531101170471777e-03   6   8   7   2   0   0
   8.5393107440320717e-03   6   8   7   4   0   0
  -1.1618392158290709e-02   6   8   7  10   0   0
   6.7392957186621055e-02   6   9   7   2   0   0
   8.2767192477632590e-02   6   9   7   4   0   0
  -1.1261116135373213e-01   6   9   7  10   0   0
  -1.2977549206083022e-03   6  10   7   8   0   0
  -1.2578477879828751e-02   6  10   7   9   0   0
  -4.8413297586302143e-03   6   1   8   2   0   0
  -4.3015231460462990e-03   6   1   8   4   0   0
  -2.5057656037963572e-03   6   1   8  10   0   0
  -2.0661277623124233e-03   6   2   8   1   0   0
  -8.5081822525612122e-05   6   2   8   3   0   0
   1.5338202250363426e-03   6   2   8   7   0   0
  -9.0661917047275570e-04   6   3   8   2   0   0
  -1.0654705295445703e-03   6   3   8   4   0   0
  -1.0774620247837278e-03   6   3   8  10   0   0
  -1.8037811503017721e-03   6   4   8   1   0   0
  -6.5529733674294429e-04   6   4   8   3   0   0
   1.2635958286114134e-03   6   4   8   7   0   0
  -5.1612177417393662e-03   6   5   8   8   0   0
  -2.4746279977870603e-02   6   5   8   9   0   0
   5.4261950139178250e-01   6   6   8   8   0   0
   5.1612177417394833e-03   6   6   8   9   0   0
   6.6189253621728994e-04   6   7   8   2   0   0
   4.2024603332552966e-04   6   7   8   4   0   0
  -2.5391761280190552e-03   6   7   8  10   0   0
  -1.6007122653054880e-02   6   8   8   5   0   0
   2.1849384766774275e-02   6   8   8   6   0   0
  -1.3495100467509227e-01   6   9   8   5   0   0
   1.6007122653053478e-02   6   9   8   6   0   0
  -1.1972726979401693e-03   6  10   8   1   0   0
  -7.1790593204522368e-04   6  10   8   3   0   0
  -1.1487239550897045e-03   6  10   8   7   0   0
  -4.6924545082320947e-02   6   1   9   2   0   0
  -4.1692474351593588e-02   6   1   9   4   0   0
  -2.4287110546738912e-02   6   1   9  10   0   0
  -2.0025924727732784e-02   6   2   9   1   0   0
  -8.2465479854434108e-04   6   2   9   3   0   0
   1.4866538716886549e-02   6   2   9   7   0   0
  -8.7873981443860379e-03   6   3   9   2   0   0
  -1.0327063511502445e-02   6   3   9   4   0   0
  -1.0443290971106784e-02   6   3   9  10   0   0
  -1.7483132553631809e-02   6   4   9   1   0   0
  -6.3514635344772870e-03   6   4   9   3   0   0
   1.2247391188301012e-02   6   4   9   7   0   0
  -2.4746279977870603e-02   6   5   9   8   0   0
   5.1612177417396871e-03   6   5   9   9   0   0
   5.1612177417394772e-03   6   6   9   8   0   0
   5.9211206134752392e-01   6   6   9   9   0   0
   6.4153874459824279e-03   6   7   9   2   0   0
   4.0732308930816136e-03   6   7   9   4   0   0
  -2.4610941751857865e-02   6   7   9  10   0   0
  -1.8546390177723804e-02   6   8   9   5   0   0
   1.6007122653054876e-02   6   8   9   6   0   0
   1.6007122653053530e-02   6   9   9   5   0   0
   1.7534677961959044e-01   6   9   9   6   0   0
  -1.1604554841606324e-02   6  10   9   1   0   0
  -6.9582967805632183e-03   6  10   9   3   0   0
  -1.1133996588779952e-02   6  10   9   7   0   0
  -2.9276738842592730e-03   6   1  10   8   0   0
  -2.8376452755229077e-02   6   1  10   9   0   0
   5.6356136248316918e-03   6   2  10   6   0   0
  -1.1805044664212701e-03   6   3  10   8   0   0
  -1.1442028908631838e-02   6   3  10   9   0   0
   8.4966793027908098e-03   6   4  10   6   0   0
   1.3360611335987998e-02   6   6  10   2   0   0
   8.3914820562644599e-02   6   6  10   4   0   0
   5.6319084251917984e-01   6   6  10  10   0   0
  -2.0793343220221958e-03   6   7  10   8   0   0
  -2.0153929188776388e-02   6   7  10   9   0   0
  -1.6839860330432799e-03   6   8  10   1   0   0
  -2.9725461628134710e-03   6   8  10   3   0   0
  -1.1453569206463952e-02   6   8  10   7   0   0
  -1.6322019458530578e-02   6   9  10   1   0   0
  -2.8811376910971846e-02   6   9  10   3   0   0
  -1.1101361637762118e-01   6   9  10   7   0   0
   2.2771044689471887e-02   6  10  10   6   0   0
   3.4020640917431844e-02   7   1   7   1   0   0
   5.4075546239291783e-02   7   2   7   2   0   0
   1.6146955414784496e-02   7   3   7   1   0   0
   1.7616154300897337e-02   7   3   7   3   0   0
   6.0886529177643735e-02   7   4   7   2   0   0
   7.7368592642916095e-02   7   4   7   4   0   0
   3.2211291385789348e-02   7   5   7   5   0   0
   3.2211291385789417e-02   7   6   7   6   0   0
   1.8176835430630756e-02   7   7   7   1   0   0
   5.4222619810490411e-02   7   7   7   3   0   0
   6.2956879320566672e-01   7   7   7   7   0   0
   2.6418568808360583e-02   7   8   7   8   0   0
   2.6418568808360448e-02   7   9   7   9   0   0
  -7.9083970313276034e-02   7  10   7   2   0   0
  -8.8908265847566004e-02   7  10   7   4   0   0
   1.3511579323048253e-01   7  10   7  10   0   0
   1.3276142668646228e-02   7   1   8   8   0   0
  -7.0077296423135871e-02   7   2   8   5   0   0
   7.2300605148648799e-03   7   2   8   6   0   0
   4.0323924477745576e-02   7   3   8   8   0   0
  -8.4362544340746054e-02   7   4   8   5   0   0
   8.7039074265740524e-03   7   4   8   6   0   0
  -5.8721614363310155e-03   7   5   8   2   0   0
  -4.8213894231270418e-03   7   5   8   4   0   0
   2.4184530314019338e-02   7   5   8  10   0   0
   6.0584646818252796e-04   7   6   8   2   0   0
   4.9743553296437550e-04   7   6   8   4   0   0
  -2.4951821291468914e-03   7   6   8  10   0   0
   5.5541396107695684e-01   7   7   8   8   0   0
  -1.5542504353078728e-02   7   8   8   1   0   0
   3.6746493185568438e-05   7   8   8   3   0   0
   2.4667553634591298e-02   7   8   8   7   0   0
   1.1530650614595636e-01   7  10   8   5   0   0
  -1.1896478028476961e-02   7  10   8   6   0   0
   1.3276142668646258e-02   7   1   9   9   0   0
   7.2300605148648989e-03   7   2   9   5   0   0
   7.0077296423135982e-02   7   2   9   6   0   0
   4.0323924477745493e-02   7   3   9   9   0   0
   8.7039074265740993e-03   7   4   9   5   0   0
   8.4362544340745874e-02   7   4   9   6   0   0
   6.0584646818237292e-04   7   5   9   2   0   0
   4.9743553296424886e-04   7   5   9   4   0   0
  -2.4951821291469556e-03   7   5   9  10   0   0
   5.8721614363316001e-03   7   6   9   2   0   0
   4.8213894231275379e-03   7   6   9   4   0   0
  -2.4184530314019199e-02   7   6   9  10   0   0
   5.5541396107695673e-01   7   7   9   9   0   0
  -1.5542504353078343e-02   7   9   9   1   0   0
   3.6746493185689868e-05   7   9   9   3   0   0
   2.4667553634591163e-02   7   9   9   7   0   0
  -1.1896478028477011e-02   7  10   9   5   0   0
  -1.1530650614595633e-01   7  10   9   6   0   0
   1.2683513186906782e-02   7   1  10   2   0   0
   1.4520025771712148e-02   7   1  10   4   0   0
   1.0213475203758380e-02   7   1  10  10   0   0
   1.3060600581254519e-02   7   2  10   1   0   0
  -4.7172200823015200e-03   7   2  10   3   0   0
  -7.9051133367607662e-02   7   2  10   7   0   0
  -6.8890501792194547e-05   7   3  10   2   0   0
   8.9541475510134701e-03   7   3  10   4   0   0
   5.0183768254049438e-02   7   3  10  10   0   0
   1.1146638628891594e-02   7   4  10   1   0   0
  -5.3278166663914333e-03   7   4  10   3   0   0
  -8.6735709978287376e-02   7   4  10   7   0   0
   1.9727517750937847e-02   7   5  10   8   0   0
  -2.0353403231500923e-03   7   5  10   9   0   0
  -2.0353403231500320e-03   7   6  10   8   0   0
  -1.9727517750937718e-02   7   6  10   9   0   0
  -1.1571714059391832e-02   7   7  10   2   0   0
   6.4453938430519067e-02   7   7  10   4   0   0
   6.1005825934781521e-01   7   7  10  10   0   0
   9.2915697953732355e-03   7   8  10   5   0   0
  -9.5863589675332969e-04   7   8  10   6   0   0
  -9.5863589675329055e-04   7   9  10   5   0   0
  -9.2915697953733813e-03   7   9  10   6   0   0
  -3.7889405745548696e-03   7  10  10   1   0   0
   2.8017736636990514e-02   7  10  10   3   0   0
   1.3619829406719011e-01   7  10  10   7   0   0
   2.1289312185874404e-02   8   1   8   1   0   0
   3.7234568290404613e-02   8   2   8   2   0   0
   2.1076487913113222e-03   8   3   8   1   0   0
   6.1953543705641316e-03   8   3   8   3   0   0
   3.1238942294074961e-02   8   4   8   2   0   0
   2.9832555577476657e-02   8   4   8   4   0   0
   1.6729939817362963e-01   8   5   8   5   0   0
  -1.5416579612187703e-02   8   6   8   5   0   0
   1.9464908534092957e-02   8   6   8   6   0   0
  -1.4983160053137459e-02   8   7   8   1   0   0
  -1.5685988539349422e-04   8   7   8   3   0   0
   2.2916538460821999e-02   8   7   8   7   0   0
   5.8902152637727911e-01   8   8   8   8   0   0
   2.6925089263123998e-02   8   9   8   9   0   0
   5.5236156197154057e-03   8  10   8   2   0   0
   9.0774703324357549e-03   8  10   8   4   0   0
   3.0605208015914011e-02   8  10   8  10   0   0
  -1.5416579612186305e-02   8   5   9   5   0   0
  -1.3155071991123679e-01   8   5   9   6   0   0
  -1.6283769728299920e-02   8   6   9   5   0   0
   1.5416579612187710e-02   8   6   9   6   0   0
   5.3517134785103082e-01   8   8   9   9   0   0
   2.6925089263123998e-02   8   9   9   8   0   0
   9.7111514281880730e-03   8   1  10   5   0   0
  -1.0019252465286392e-03   8   1  10   6   0   0
   1.0724885689282572e-02   8   2  10   8   0   0
   5.9578654039491950e-03   8   3  10   5   0   0
  -6.1468877380591318e-04   8   3  10   6   0   0
   1.3886437016923138e-02   8   4  10   8   0   0
   7.9317358706611947e-03   8   5  10   1   0   0
   2.2231009413926951e-02   8   5  10   3   0   0
   1.1370896116984128e-01   8   5  10   7   0   0
  -8.1833822450223478e-04   8   6  10   1   0   0
  -2.2936321972060096e-03   8   6  10   3   0   0
  -1.1731655076650988e-02   8   6  10   7   0   0
   7.8470885043244037e-03   8   7  10   5   0   0
  -8.0960493123472454e-04   8   7  10   6   0   0
   4.7035202715727245e-03   8   8  10   2   0   0
   7.3610737259078601e-02   8   8  10   4   0   0
   5.5259239127081061e-01   8   8  10  10   0   0
   2.8389726923445480e-02   8  10  10   8   0   0
   2.1289312185873387e-02   9   1   9   1   0   0
   3.7234568290403017e-02   9   2   9   2   0   0
   2.1076487913110746e-03   9   3   9   1   0   0
   6.1953543705640336e-03   9   3   9   3   0   0
   3.1238942294073570e-02   9   4   9   2   0   0
   2.9832555577475352e-02   9   4   9   4   0   0
   1.9464908534092763e-02   9   5   9   5   0   0
   1.5416579612186850e-02   9   6   9   5   0   0
   1.6729939817363515e-01   9   6   9   6   0   0
  -1.4983160053137053e-02   9   7   9   1   0   0
  -1.5685988539335956e-04   9   7   9   3   0   0
   2.2916538460821860e-02   9   7   9   7   0   0
   2.6925089263123998e-02   9   8   9   8   0   0
   5.8902152637727045e-01   9   9   9   9   0   0
   5.5236156197141315e-03   9  10   9   2   0   0
   9.0774703324345996e-03   9  10   9   4   0   0
   3.0605208015913637e-02   9  10   9  10   0   0
  -1.0019252465287478e-03   9   1  10   5   0   0
  -9.7111514281877642e-03   9   1  10   6   0   0
   1.0724885689282265e-02   9   2  10   9   0   0
  -6.1468877380594917e-04   9   3  10   5   0   0
  -5.9578654039491091e-03   9   3  10   6   0   0
   1.3886437016922812e-02   9   4  10   9   0   0
  -8.1833822450187396e-04   9   5  10   1   0   0
  -2.2936321972054359e-03   9   5  10   3   0   0
  -1.1731655076649451e-02   9   5  10   7   0   0
  -7.9317358706616440e-03   9   6  10   1   0   0
  -2.2231009413928644e-02   9   6  10   3   0   0
  -1.1370896116984719e-01   9   6  10   7   0   0
  -8.0960493123469364e-04   9   7  10   5   0   0
  -7.8470885043245651e-03   9   7  10   6   0   0
   4.7035202715688517e-03   9   9  10   2   0   0
   7.3610737259073161e-02   9   9  10   4   0   0
   5.5259239127080395e-01   9   9  10  10   0   0
   2.8389726923445130e-02   9  10  10   9   0   0
   1.3752497485374047e-02  10   1  10   1   0   0
   1.2225632851187294e-02  10   2  10   2   0   0
   1.0911649186638941e-02  10   3  10   1   0   0
   1.8307693736756003e-02  10   3  10   3   0   0
   1.2045635121996415e-02  10   4  10   2   0   0
   2.8512594774329280e-02  10   4  10   4   0   0
   1.7979532910616412e-02  10   5  10   5   0   0
   1.7979532910616335e-02  10   6  10   6   0   0
  -1.1665301614238939e-02  10   7  10   1   0   0
   1.3129201419276853e-02  10   7  10   3   0   0
   1.3728079490390169e-01  10   7  10   7   0   0
   2.6174245830976991e-02  10   8  10   8   0   0
   2.6174245830976640e-02  10   9  10   9   0   0
  -9.7249461968795664e-03  10  10  10   2   0   0
   7.2482508673258228e-02  10  10  10   4   0   0
   6.1681949439396455e-01  10  10  10  10   0   0
  -1.0767610687748181e+00   1   1   0   0   0   0
  -3.5451849789147616e-13   1   2   0   0   0   0
  -1.3694844345845286e-01   1   3   0   0   0   0
   3.2383557641013638e-13   1   4   0   0   0   0
  -7.8111686514913179e-17   1   5   0   0   0   0
  -6.7295960944923943e-18   1   6   0   0   0   0
  -3.9354385931675576e-02   1   7   0   0   0   0
  -3.2585926797080428e-16   1   8   0   0   0   0
   1.2007279150383578e-16   1   9   0   0   0   0
  -3.6659390800775071e-13   1  10   0   0   0   0
  -3.5465250527999537e-13   2   1   0   0   0   0
  -5.8726014982924002e-01   2   2   0   0   0   0
  -3.4024530155135624e-13   2   3   0   0   0   0
  -2.0015672731830164e-01   2   4   0   0   0   0
  -1.3507278287898632e-16   2   5   0   0   0   0
   1.7929556049977331e-17   2   6   0   0   0   0
  -9.5452942425189313e-14   2   7   0   0   0   0
   1.0922772640235857e-16   2   8   0   0   0   0
  -7.6710102825317149e-18   2   9   0   0   0   0
  -2.5630510334662737e-02   2  10   0   0   0   0
  -1.3694844345845320e-01   3   1   0   0   0   0
  -3.4028335704761048e-13   3   2   0   0   0   0
  -2.4742594047511235e-01   3   3   0   0   0   0
   4.4383333813735604e-14   3   4   0   0   0   0
  -1.0302903928107280e-16   3   5   0   0   0   0
  -8.3669273740347135e-17   3   6   0   0   0   0
  -6.4819772459932062e-02   3   7   0   0   0   0
   1.7854230804463526e-17   3   8   0   0   0   0
   5.6312536396024646e-17   3   9   0   0   0   0
  -1.3018752742510742e-13   3  10   0   0   0   0
   3.2353980605748234e-13   4   1   0   0   0   0
  -2.0015672731830253e-01   4   2   0   0   0   0
   4.3832992790981962e-14   4   3   0   0   0   0
  -1.2838978291239281e-01   4   4   0   0   0   0
  -2.7714689625308893e-16   4   5   0   0   0   0
   5.3146818956489813e-18   4   6   0   0   0   0
   9.6103680569115113e-14   4   7   0   0   0   0
   4.3260193954509790e-16   4   8   0   0   0   0
  -1.4699913725572944e-17   4   9   0   0   0   0
  -1.3396826301844242e-01   4  10   0   0   0   0
  -7.8111686514912452e-17   5   1   0   0   0   0
  -1.3507278287898809e-16   5   2   0   0   0   0
  -1.0302903928107237e-16   5   3   0   0   0   0
  -2.7714689625308848e-16   5   4   0   0   0   0
   2.4348876252295154e-01   5   5   0   0   0   0
   6.4184768611141862e-17   5   6   0   0   0   0
   1.9755743787998135e-16   5   7   0   0   0   0
  -2.2426505097428162e-14   5   8   0   0   0   0
   2.0330959138448179e-15   5   9   0   0   0   0
  -1.6470585729073692e-16   5  10   0   0   0   0
  -6.7295960944925083e-18   6   1   0   0   0   0
   1.7929556049977343e-17   6   2   0   0   0   0
  -8.3669273740347123e-17   6   3   0   0   0   0
   5.3146818956489443e-18   6   4   0   0   0   0
   6.7654215563095477e-17   6   5   0   0   0   0
   2.4348876252295165e-01   6   6   0   0   0   0
  -4.4479776428745004e-17   6   7   0   0   0   0
   2.4182045255116691e-15   6   8   0   0   0   0
   2.3304275176272427e-14   6   9   0   0   0   0
  -5.4969635734418373e-18   6  10   0   0   0   0
  -3.9354385931675478e-02   7   1   0   0   0   0
  -9.5673469147072865e-14   7   2   0   0   0   0
  -6.4819772459931840e-02   7   3   0   0   0   0
   9.6089802781307299e-14   7   4   0   0   0   0
   1.9755743787998184e-16   7   5   0   0   0   0
  -4.4479776428744949e-17   7   6   0   0   0   0
   5.4195036908278149e-01   7   7   0   0   0   0
  -5.6362717376762075e-17   7   8   0   0   0   0
   4.0977421135330408e-16   7   9   0   0   0   0
  -8.1101791948867685e-14   7  10   0   0   0   0
  -3.2585926797080340e-16   8   1   0   0   0   0
   1.0922772640235984e-16   8   2   0   0   0   0
   1.7854230804465035e-17   8   3   0   0   0   0
   4.3260193954509825e-16   8   4   0   0   0   0
  -2.2426505097428162e-14   8   5   0   0   0   0
   2.4095309081317851e-15   8   6   0   0   0   0
  -5.6362717376762371e-17   8   7   0   0   0   0
   7.9117214880435904e-01   8   8   0   0   0   0
  -8.3266726846886741e-17   8   9   0   0   0   0
   7.2770581181180283e-17   8  10   0   0   0   0
   1.2007279150383482e-16   9   1   0   0   0   0
  -7.6710102825313498e-18   9   2   0   0   0   0
   5.6312536396022785e-17   9   3   0   0   0   0
  -1.4699913725573243e-17   9   4   0   0   0   0
   2.0330959138448179e-15   9   5   0   0   0   0
   2.3268279664145908e-14   9   6   0   0   0   0
   4.0977421135330437e-16   9   7   0   0   0   0
  -6.9388939039072284e-17   9   8   0   0   0   0
   7.9117214880435915e-01   9   9   0   0   0   0
  -2.1204800996312874e-16   9  10   0   0   0   0
  -3.6654013157999543e-13  10   1   0   0   0   0
  -2.5630510334663292e-02  10   2   0   0   0   0
  -1.3064549442276530e-13  10   3   0   0   0   0
  -1.3396826301844278e-01  10   4   0   0   0   0
  -1.6470585729073655e-16  10   5   0   0   0   0
  -5.4969635734418265e-18  10   6   0   0   0   0
  -8.0935258495173912e-14  10   7   0   0   0   0
   7.2770581181179938e-17  10   8   0   0   0   0
  -2.1204800996312788e-16  10   9   0   0   0   0
   1.5556952494762446e+00  10  10   0   0   0   0
   5.0000000000000000e-01   0   0   0   0   0   0
