&FCI NORB=10,NELEC=2,MS2=0,
 ORBSYM=1,1,1,1,1,1,1,1,1,1,
 ISYM=1,
&END
   5.6422722085354227e-01   1   1   1   1   0   0
   8.8871078774829554e-02   1   2   1   2   0   0
   1.3694843475145407e-01   1   3   1   1   0   0
   8.3643231368234511e-02   1   3   1   3   0   0
   7.7160721817913266e-02   1   4   1   2   0   0
   1.0000179293040228e-01   1   4   1   4   0   0
   1.0020332645368038e-01   1   5   1   5   0   0
   1.0020332645367779e-01   1   6   1   6   0   0
   3.9354397630818487e-02   1   7   1   1   0   0
   2.6989157247328227e-02   1   7   1   3   0   0
   8.0099769806840748e-02   1   7   1   7   0   0
   5.6195096916532829e-02   1   8   1   8   0   0
   5.6195096916532107e-02   1   9   1   9   0   0
   1.2078220010875768e-02   1  10   1   2   0   0
   3.0543103294484182e-02   1  10   1   4   0   0
   5.1318158060495576e-02   1  10   1  10   0   0
   4.0348402393350591e-01   1   1   2   2   0   0
   1.3865862031992943e-01   1   1   2   4   0   0
   1.8854342058338032e-02   1   1   2  10   0   0
   8.8871078774829651e-02   1   2   2   1   0   0
  -7.4326487211000018e-03   1   2   2   3   0   0
  -6.5294047076375150e-02   1   2   2   7   0   0
   5.3919307464589027e-02   1   3   2   2   0   0
   6.6919048572367260e-02   1   3   2   4   0   0
   1.9542531163192343e-02   1   3   2  10   0   0
   7.7160721817913239e-02   1   4   2   1   0   0
   2.5446277351810275e-02   1   4   2   3   0   0
  -5.5908429751919869e-02   1   4   2   7   0   0
   6.3233348844277851e-02   1   5   2   8   0   0
  -6.5239522932106567e-03   1   5   2   9   0   0
  -6.5239522932098526e-03   1   6   2   8   0   0
  -6.3233348844275644e-02   1   6   2   9   0   0
  -2.0699682230320628e-02   1   7   2   2   0   0
  -5.3234372052241158e-03   1   7   2   4   0   0
   4.3450597453708655e-02   1   7   2  10   0   0
   3.9703870394933956e-02   1   8   2   5   0   0
  -4.0963536021196107e-03   1   8   2   6   0   0
  -4.0963536021197356e-03   1   9   2   5   0   0
  -3.9703870394933477e-02   1   9   2   6   0   0
   1.2078220010875827e-02   1  10   2   1   0   0
   1.7141695543020512e-02   1  10   2   3   0   0
   1.6977521876246678e-02   1  10   2   7   0   0
   1.3694843475150456e-01   1   1   3   1   0   0
   4.4171997734793117e-01   1   1   3   3   0   0
   4.5904360192305586e-02   1   1   3   7   0   0
  -7.4326487210999602e-03   1   2   3   2   0   0
   8.0822627201020583e-02   1   2   3   4   0   0
   2.8759610379832580e-02   1   2   3  10   0   0
   8.3643231368234428e-02   1   3   3   1   0   0
   8.7156802946635470e-02   1   3   3   3   0   0
   2.5633989167262505e-02   1   3   3   7   0   0
   2.5446277351810459e-02   1   4   3   2   0   0
   8.3263845756978233e-02   1   4   3   4   0   0
   4.4358359177661504e-02   1   4   3  10   0   0
   2.5394859436685787e-02   1   5   3   5   0   0
   2.5394859436685190e-02   1   6   3   6   0   0
   2.6989157247328234e-02   1   7   3   1   0   0
   2.6068480421832900e-02   1   7   3   3   0   0
   3.9744305892104280e-02   1   7   3   7   0   0
   1.4037612407247895e-02   1   8   3   8   0   0
   1.4037612407247600e-02   1   9   3   9   0   0
   1.7141695543020617e-02   1  10   3   2   0   0
   2.8129884792472901e-02   1  10   3   4   0   0
   3.1764401344092946e-02   1  10   3  10   0   0
   1.3865862031992965e-01   1   1   4   2   0   0
   5.0038326510061448e-01   1   1   4   4   0   0
   8.2255547114409203e-02   1   1   4  10   0   0
   7.7160721817906425e-02   1   2   4   1   0   0
   8.0822627201020375e-02   1   2   4   3   0   0
  -6.6545403251771079e-02   1   2   4   7   0   0
   6.6919048572367759e-02   1   3   4   2   0   0
   1.2261306698620035e-01   1   3   4   4   0   0
   5.3047774857771013e-02   1   3   4  10   0   0
   1.0000179293040223e-01   1   4   4   1   0   0
   8.3263845756978469e-02   1   4   4   3   0   0
  -6.5620539387167262e-02   1   4   4   7   0   0
   5.7820111004543401e-02   1   5   4   8   0   0
  -5.9654541895407089e-03   1   5   4   9   0   0
  -5.9654541895399586e-03   1   6   4   8   0   0
  -5.7820111004541333e-02   1   6   4   9   0   0
  -5.3234372052241470e-03   1   7   4   2   0   0
  -1.3237259905869036e-02   1   7   4   4   0   0
   4.9189576037852185e-02   1   7   4  10   0   0
   3.8756708353335542e-02   1   8   4   5   0   0
  -3.9986323824425562e-03   1   8   4   6   0   0
  -3.9986323824427097e-03   1   9   4   5   0   0
  -3.8756708353334973e-02   1   9   4   6   0   0
   3.0543103294484061e-02   1  10   4   1   0   0
   2.8129884792472904e-02   1  10   4   3   0   0
   1.3756770725663611e-02   1  10   4   7   0   0
   5.7463194535379059e-01   1   1   5   5   0   0
   1.1143571798943679e-01   1   2   5   8   0   0
  -1.1497118549154695e-02   1   2   5   9   0   0
   1.3073614173973319e-01   1   3   5   5   0   0
   1.0644186404986558e-01   1   4   5   8   0   0
  -1.0981889394658145e-02   1   4   5   9   0   0
   1.0020332645368037e-01   1   5   5   1   0   0
   2.5394859436685822e-02   1   5   5   3   0   0
   1.5857171243353212e-02   1   5   5   7   0   0
   4.0049209948205010e-02   1   7   5   5   0   0
   3.9703870394933956e-02   1   8   5   2   0   0
   3.8756708353335542e-02   1   8   5   4   0   0
   1.6410633186094561e-02   1   8   5  10   0   0
  -4.0963536021197365e-03   1   9   5   2   0   0
  -3.9986323824427114e-03   1   9   5   4   0   0
  -1.6931285463168070e-03   1   9   5  10   0   0
   2.8668057449818540e-02   1  10   5   8   0   0
  -2.9577595139269864e-03   1  10   5   9   0   0
   5.7463194535379081e-01   1   1   6   6   0   0
  -1.1497118549154649e-02   1   2   6   8   0   0
  -1.1143571798943680e-01   1   2   6   9   0   0
   1.3073614173973319e-01   1   3   6   6   0   0
  -1.0981889394658094e-02   1   4   6   8   0   0
  -1.0644186404986561e-01   1   4   6   9   0   0
   1.0020332645367776e-01   1   6   6   1   0   0
   2.5394859436685204e-02   1   6   6   3   0   0
   1.5857171243353979e-02   1   6   6   7   0   0
   4.0049209948205024e-02   1   7   6   6   0   0
  -4.0963536021196116e-03   1   8   6   2   0   0
  -3.9986323824425535e-03   1   8   6   4   0   0
  -1.6931285463167136e-03   1   8   6  10   0   0
  -3.9703870394933484e-02   1   9   6   2   0   0
  -3.8756708353334959e-02   1   9   6   4   0   0
  -1.6410633186094245e-02   1   9   6  10   0   0
  -2.9577595139269712e-03   1  10   6   8   0   0
  -2.8668057449818506e-02   1  10   6   9   0   0
   3.9354397630806323e-02   1   1   7   1   0   0
   4.5904360192305600e-02   1   1   7   3   0   0
   5.7671410543155899e-01   1   1   7   7   0   0
  -6.5294047076375178e-02   1   2   7   2   0   0
  -6.6545403251771107e-02   1   2   7   4   0   0
   9.7033855511014969e-02   1   2   7  10   0   0
   2.6989157247332651e-02   1   3   7   1   0   0
   2.5633989167262426e-02   1   3   7   3   0   0
   1.4304569339964748e-01   1   3   7   7   0   0
  -5.5908429751919890e-02   1   4   7   2   0   0
  -6.5620539387167359e-02   1   4   7   4   0   0
   8.5571671416285813e-02   1   4   7  10   0   0
   1.5857171243353216e-02   1   5   7   5   0   0
   1.5857171243353979e-02   1   6   7   6   0   0
   8.0099769806840748e-02   1   7   7   1   0   0
   3.9744305892104315e-02   1   7   7   3   0   0
   1.3015756130329291e-02   1   7   7   7   0   0
  -2.2759949041394337e-02   1   8   7   8   0   0
  -2.2759949041394095e-02   1   9   7   9   0   0
   1.6977521876246651e-02   1  10   7   2   0   0
   1.3756770725663593e-02   1  10   7   4   0   0
  -6.4814120160923130e-03   1  10   7  10   0   0
   5.5017264028499835e-01   1   1   8   8   0   0
   1.1143571798943680e-01   1   2   8   5   0   0
  -1.1497118549154653e-02   1   2   8   6   0   0
   1.1635004091049420e-01   1   3   8   8   0   0
   1.0644186404986553e-01   1   4   8   5   0   0
  -1.0981889394658103e-02   1   4   8   6   0   0
   6.3233348844277851e-02   1   5   8   2   0   0
   5.7820111004543415e-02   1   5   8   4   0   0
   3.2064140740625989e-02   1   5   8  10   0   0
  -6.5239522932098535e-03   1   6   8   2   0   0
  -5.9654541895399560e-03   1   6   8   4   0   0
  -3.3081424333506540e-03   1   6   8  10   0   0
   3.8295360936027789e-03   1   7   8   8   0   0
   5.6195096916532836e-02   1   8   8   1   0   0
   1.4037612407247912e-02   1   8   8   3   0   0
  -2.2759949041394344e-02   1   8   8   7   0   0
   2.8668057449818547e-02   1  10   8   5   0   0
  -2.9577595139269781e-03   1  10   8   6   0   0
   5.5017264028499846e-01   1   1   9   9   0   0
  -1.1497118549154689e-02   1   2   9   5   0   0
  -1.1143571798943683e-01   1   2   9   6   0   0
   1.1635004091049410e-01   1   3   9   9   0   0
  -1.0981889394658132e-02   1   4   9   5   0   0
  -1.0644186404986559e-01   1   4   9   6   0   0
  -6.5239522932106558e-03   1   5   9   2   0   0
  -5.9654541895407046e-03   1   5   9   4   0   0
  -3.3081424333507858e-03   1   5   9  10   0   0
  -6.3233348844275644e-02   1   6   9   2   0   0
  -5.7820111004541347e-02   1   6   9   4   0   0
  -3.2064140740625746e-02   1   6   9  10   0   0
   3.8295360936027563e-03   1   7   9   9   0   0
   5.6195096916532107e-02   1   9   9   1   0   0
   1.4037612407247617e-02   1   9   9   3   0   0
  -2.2759949041394105e-02   1   9   9   7   0   0
  -2.9577595139269829e-03   1  10   9   5   0   0
  -2.8668057449818547e-02   1  10   9   6   0   0
   1.8854342058338046e-02   1   1  10   2   0   0
   8.2255547114409105e-02   1   1  10   4   0   0
   5.6890420346313553e-01   1   1  10  10   0   0
   1.2078220010879397e-02   1   2  10   1   0   0
   2.8759610379832521e-02   1   2  10   3   0   0
   9.7033855511014983e-02   1   2  10   7   0   0
   1.9542531163192385e-02   1   3  10   2   0   0
   5.3047774857770624e-02   1   3  10   4   0   0
   1.4077394913364888e-01   1   3  10  10   0   0
   3.0543103294485972e-02   1   4  10   1   0   0
   4.4358359177661656e-02   1   4  10   3   0   0
   8.5571671416285716e-02   1   4  10   7   0   0
   3.2064140740625982e-02   1   5  10   8   0   0
  -3.3081424333507858e-03   1   5  10   9   0   0
  -3.3081424333506544e-03   1   6  10   8   0   0
  -3.2064140740625732e-02   1   6  10   9   0   0
   4.3450597453708641e-02   1   7  10   2   0   0
   4.9189576037852262e-02   1   7  10   4   0   0
   1.4255521580693016e-03   1   7  10  10   0   0
   1.6410633186094533e-02   1   8  10   5   0   0
  -1.6931285463167133e-03   1   8  10   6   0   0
  -1.6931285463168025e-03   1   9  10   5   0   0
  -1.6410633186094245e-02   1   9  10   6   0   0
   5.1318158060495514e-02   1  10  10   1   0   0
   3.1764401344093002e-02   1  10  10   3   0   0
  -6.4814120160923668e-03   1  10  10   7   0   0
   8.8871078774827805e-02   2   1   2   1   0   0
   3.5648654805884095e-01   2   2   2   2   0   0
  -7.4326487211014468e-03   2   3   2   1   0   0
   3.2086402936637518e-02   2   3   2   3   0   0
   7.2603174537516607e-02   2   4   2   2   0   0
   7.3815573996966893e-02   2   4   2   4   0   0
   2.9420094097333850e-02   2   5   2   5   0   0
   2.9420094097333208e-02   2   6   2   6   0   0
  -6.5294047076382186e-02   2   7   2   1   0   0
   5.1663303094177503e-03   2   7   2   3   0   0
   6.5715993600801909e-02   2   7   2   7   0   0
   4.9976095268463416e-02   2   8   2   8   0   0
   4.9976095268462271e-02   2   9   2   9   0   0
  -2.0341955710845447e-02   2  10   2   2   0   0
   6.9295690929561699e-04   2  10   2   4   0   0
   3.9697059539329879e-02   2  10   2  10   0   0
  -7.4326487210993261e-03   2   1   3   2   0   0
   8.0822627201019376e-02   2   1   3   4   0   0
   2.8759610379832556e-02   2   1   3  10   0   0
   5.3919307464646037e-02   2   2   3   1   0   0
   3.4071977597059205e-01   2   2   3   3   0   0
   1.1443118384114923e-02   2   2   3   7   0   0
   3.2086402936637809e-02   2   3   3   2   0   0
   3.2436875557235820e-03   2   3   3   4   0   0
   1.5803590087946618e-02   2   3   3  10   0   0
   6.6919048572384204e-02   2   4   3   1   0   0
   8.6208635425883612e-02   2   4   3   3   0   0
   6.4986321407694394e-03   2   4   3   7   0   0
   7.9255342277582894e-03   2   5   3   8   0   0
  -8.1769838455709716e-04   2   5   3   9   0   0
  -8.1769838455702387e-04   2   6   3   8   0   0
  -7.9255342277580292e-03   2   6   3   9   0   0
   5.1663303094175951e-03   2   7   3   2   0   0
  -5.2239657060745195e-02   2   7   3   4   0   0
  -1.1336629328994367e-02   2   7   3  10   0   0
   1.2005050667430035e-02   2   8   3   5   0   0
  -1.2385929143931922e-03   2   8   3   6   0   0
  -1.2385929143933548e-03   2   9   3   5   0   0
  -1.2005050667429644e-02   2   9   3   6   0   0
   1.9542531163188163e-02   2  10   3   1   0   0
   1.6400899974731806e-02   2  10   3   3   0   0
   1.3887641268200615e-02   2  10   3   7   0   0
   7.7160721817905370e-02   2   1   4   1   0   0
   8.0822627201019168e-02   2   1   4   3   0   0
  -6.6545403251768886e-02   2   1   4   7   0   0
   7.2603174537507822e-02   2   2   4   2   0   0
   3.8713081036839064e-01   2   2   4   4   0   0
   1.4747449782436981e-02   2   2   4  10   0   0
   2.5446277351810386e-02   2   3   4   1   0   0
   3.2436875557242976e-03   2   3   4   3   0   0
  -1.9971864112300107e-03   2   3   4   7   0   0
   7.3815573996967490e-02   2   4   4   2   0   0
   1.3387958332066541e-01   2   4   4   4   0   0
   2.8432858244038940e-02   2   4   4  10   0   0
   2.6826067366647197e-02   2   5   4   5   0   0
   2.6826067366646552e-02   2   6   4   6   0   0
  -5.5908429751920452e-02   2   7   4   1   0   0
  -5.2239657060745431e-02   2   7   4   3   0   0
   6.6203463183238206e-02   2   7   4   7   0   0
   4.2448220900006904e-02   2   8   4   8   0   0
   4.2448220900005787e-02   2   9   4   9   0   0
   6.9295690929530962e-04   2  10   4   2   0   0
  -1.2569171479765581e-03   2  10   4   4   0   0
   4.2134475192910859e-02   2  10   4  10   0   0
   1.1143571798943540e-01   2   1   5   8   0   0
  -1.1497118549154547e-02   2   1   5   9   0   0
   4.1007109501577299e-01   2   2   5   5   0   0
   2.2871612242561326e-03   2   3   5   8   0   0
  -2.3597248898953065e-04   2   3   5   9   0   0
   1.4028018569031059e-01   2   4   5   5   0   0
   2.9420094097333843e-02   2   5   5   2   0   0
   2.6826067366647204e-02   2   5   5   4   0   0
   7.7655185916325770e-03   2   5   5  10   0   0
  -7.6000878855422449e-02   2   7   5   8   0   0
   7.8412122235669950e-03   2   7   5   9   0   0
   6.3233348844277795e-02   2   8   5   1   0   0
   1.2005050667430059e-02   2   8   5   3   0   0
  -6.8554431973148235e-03   2   8   5   7   0   0
  -6.5239522932102967e-03   2   9   5   1   0   0
  -1.2385929143933600e-03   2   9   5   3   0   0
   7.0729425509694576e-04   2   9   5   7   0   0
   1.8618211830754679e-02   2  10   5   5   0   0
  -1.1497118549154507e-02   2   1   6   8   0   0
  -1.1143571798943543e-01   2   1   6   9   0   0
   4.1007109501577327e-01   2   2   6   6   0   0
  -2.3597248898951482e-04   2   3   6   8   0   0
  -2.2871612242561044e-03   2   3   6   9   0   0
   1.4028018569031050e-01   2   4   6   6   0   0
   2.9420094097333208e-02   2   6   6   2   0   0
   2.6826067366646545e-02   2   6   6   4   0   0
   7.7655185916323420e-03   2   6   6  10   0   0
   7.8412122235669620e-03   2   7   6   8   0   0
   7.6000878855422463e-02   2   7   6   9   0   0
  -6.5239522932096306e-03   2   8   6   1   0   0
  -1.2385929143931935e-03   2   8   6   3   0   0
   7.0729425509681414e-04   2   8   6   7   0   0
  -6.3233348844276338e-02   2   9   6   1   0   0
  -1.2005050667429651e-02   2   9   6   3   0   0
   6.8554431973145103e-03   2   9   6   7   0   0
   1.8618211830754766e-02   2  10   6   6   0   0
  -6.5294047076372597e-02   2   1   7   2   0   0
  -6.6545403251768886e-02   2   1   7   4   0   0
   9.7033855511011541e-02   2   1   7  10   0   0
  -2.0699682230295478e-02   2   2   7   1   0   0
   1.1443118384115061e-02   2   2   7   3   0   0
   4.2953616745097883e-01   2   2   7   7   0   0
   5.1663303094186055e-03   2   3   7   2   0   0
  -1.9971864112300168e-03   2   3   7   4   0   0
  -5.4519782062259353e-03   2   3   7  10   0   0
  -5.3234372052191918e-03   2   4   7   1   0   0
   6.4986321407692694e-03   2   4   7   3   0   0
   1.5282166614916076e-01   2   4   7   7   0   0
  -1.9359551680912076e-02   2   5   7   8   0   0
   1.9973762878706205e-03   2   5   7   9   0   0
   1.9973762878705329e-03   2   6   7   8   0   0
   1.9359551680911670e-02   2   6   7   9   0   0
   6.5715993600801950e-02   2   7   7   2   0   0
   6.6203463183238206e-02   2   7   7   4   0   0
  -8.7093642433532847e-02   2   7   7  10   0   0
  -6.8554431973148217e-03   2   8   7   5   0   0
   7.0729425509681425e-04   2   8   7   6   0   0
   7.0729425509694576e-04   2   9   7   5   0   0
   6.8554431973145129e-03   2   9   7   6   0   0
   4.3450597453714775e-02   2  10   7   1   0   0
   1.3887641268200688e-02   2  10   7   3   0   0
  -1.7950106174023896e-02   2  10   7   7   0   0
   1.1143571798943543e-01   2   1   8   5   0   0
  -1.1497118549154511e-02   2   1   8   6   0   0
   4.1624391628498436e-01   2   2   8   8   0   0
   2.2871612242560493e-03   2   3   8   5   0   0
  -2.3597248898952306e-04   2   3   8   6   0   0
   1.3941489499413884e-01   2   4   8   8   0   0
   3.9703870394934171e-02   2   5   8   1   0   0
   7.9255342277582998e-03   2   5   8   3   0   0
  -1.9359551680912076e-02   2   5   8   7   0   0
  -4.0963536021196515e-03   2   6   8   1   0   0
  -8.1769838455702474e-04   2   6   8   3   0   0
   1.9973762878705333e-03   2   6   8   7   0   0
  -7.6000878855422421e-02   2   7   8   5   0   0
   7.8412122235669655e-03   2   7   8   6   0   0
   4.9976095268463423e-02   2   8   8   2   0   0
   4.2448220900006911e-02   2   8   8   4   0   0
   1.0516077503451850e-02   2   8   8  10   0   0
   2.0273315355805151e-03   2  10   8   8   0   0
  -1.1497118549154547e-02   2   1   9   5   0   0
  -1.1143571798943545e-01   2   1   9   6   0   0
   4.1624391628498442e-01   2   2   9   9   0   0
  -2.3597248898952193e-04   2   3   9   5   0   0
  -2.2871612242561044e-03   2   3   9   6   0   0
   1.3941489499413870e-01   2   4   9   9   0   0
  -4.0963536021198701e-03   2   5   9   1   0   0
  -8.1769838455709640e-04   2   5   9   3   0   0
   1.9973762878706205e-03   2   5   9   7   0   0
  -3.9703870394933283e-02   2   6   9   1   0   0
  -7.9255342277580378e-03   2   6   9   3   0   0
   1.9359551680911673e-02   2   6   9   7   0   0
   7.8412122235669915e-03   2   7   9   5   0   0
   7.6000878855422477e-02   2   7   9   6   0   0
   4.9976095268462271e-02   2   9   9   2   0   0
   4.2448220900005801e-02   2   9   9   4   0   0
   1.0516077503451658e-02   2   9   9  10   0   0
   2.0273315355805602e-03   2  10   9   9   0   0
   1.2078220010881066e-02   2   1  10   1   0   0
   2.8759610379832486e-02   2   1  10   3   0   0
   9.7033855511011582e-02   2   1  10   7   0   0
  -2.0341955710806273e-02   2   2  10   2   0   0
   1.4747449782437258e-02   2   2  10   4   0   0
   4.3065478454710149e-01   2   2  10  10   0   0
   1.7141695543019624e-02   2   3  10   1   0   0
   1.5803590087946899e-02   2   3  10   3   0   0
  -5.4519782062261643e-03   2   3  10   7   0   0
   6.9295690930218346e-04   2   4  10   2   0   0
   2.8432858244038385e-02   2   4  10   4   0   0
   1.5293734441684634e-01   2   4  10  10   0   0
   7.7655185916325562e-03   2   5  10   5   0   0
   7.7655185916323385e-03   2   6  10   6   0   0
   1.6977521876242480e-02   2   7  10   1   0   0
  -1.1336629328994412e-02   2   7  10   3   0   0
  -8.7093642433532792e-02   2   7  10   7   0   0
   1.0516077503451843e-02   2   8  10   8   0   0
   1.0516077503451654e-02   2   9  10   9   0   0
   3.9697059539329824e-02   2  10  10   2   0   0
   4.2134475192911219e-02   2  10  10   4   0   0
  -1.6835707787542904e-02   2  10  10  10   0   0
   8.3643231368244156e-02   3   1   3   1   0   0
   3.2086402936638198e-02   3   2   3   2   0   0
   8.7156802946729187e-02   3   3   3   1   0   0
   3.7397034131989498e-01   3   3   3   3   0   0
   3.2436875557241987e-03   3   4   3   2   0   0
   9.0640723473925530e-02   3   4   3   4   0   0
   1.5050111695363801e-02   3   5   3   5   0   0
   1.5050111695363541e-02   3   6   3   6   0   0
   2.5633989167250619e-02   3   7   3   1   0   0
   2.8087577754906154e-02   3   7   3   3   0   0
   3.0254636858504221e-02   3   7   3   7   0   0
   1.0164254635120839e-02   3   8   3   8   0   0
   1.0164254635120756e-02   3   9   3   9   0   0
   1.5803590087947073e-02   3  10   3   2   0   0
   3.8531076896477168e-02   3  10   3   4   0   0
   3.3340562675357781e-02   3  10   3  10   0   0
   6.6919048572379694e-02   3   1   4   2   0   0
   1.2261306698625507e-01   3   1   4   4   0   0
   5.3047774857773830e-02   3   1   4  10   0   0
   2.5446277351810459e-02   3   2   4   1   0   0
   3.2436875557235187e-03   3   2   4   3   0   0
  -1.9971864112295909e-03   3   2   4   7   0   0
   8.6208635425926203e-02   3   3   4   2   0   0
   4.0619243388348647e-01   3   3   4   4   0   0
   5.8609511847463810e-02   3   3   4  10   0   0
   8.3263845756973459e-02   3   4   4   1   0   0
   9.0640723473924517e-02   3   4   4   3   0   0
  -6.0153429865974925e-02   3   4   4   7   0   0
   1.8413740203279825e-02   3   5   4   8   0   0
  -1.8997944094596379e-03   3   5   4   9   0   0
  -1.8997944094594297e-03   3   6   4   8   0   0
  -1.8413740203279079e-02   3   6   4   9   0   0
   6.4986321407526065e-03   3   7   4   2   0   0
   1.5234124010153720e-02   3   7   4   4   0   0
   2.5883776965236995e-02   3   7   4  10   0   0
   1.3797468015623739e-02   3   8   4   5   0   0
  -1.4235213656435318e-03   3   8   4   6   0   0
  -1.4235213656435986e-03   3   9   4   5   0   0
  -1.3797468015623591e-02   3   9   4   6   0   0
   4.4358359177660962e-02   3  10   4   1   0   0
   3.8531076896477369e-02   3  10   4   3   0   0
  -1.1033731932092563e-02   3  10   4   7   0   0
   1.3073614173979303e-01   3   1   5   5   0   0
   2.2871612242560489e-03   3   2   5   8   0   0
  -2.3597248898951949e-04   3   2   5   9   0   0
   4.3918813603931184e-01   3   3   5   5   0   0
   9.6453513235784605e-02   3   4   5   8   0   0
  -9.9513647523623815e-03   3   4   5   9   0   0
   2.5394859436685915e-02   3   5   5   1   0   0
   1.5050111695363817e-02   3   5   5   3   0   0
   8.6981263245846097e-03   3   5   5   7   0   0
   4.5452876143885830e-02   3   7   5   5   0   0
   7.9255342277582339e-03   3   8   5   2   0   0
   1.3797468015623746e-02   3   8   5   4   0   0
   9.1958162102383015e-03   3   8   5  10   0   0
  -8.1769838455707721e-04   3   9   5   2   0   0
  -1.4235213656435977e-03   3   9   5   4   0   0
  -9.4875674543929724e-04   3   9   5  10   0   0
   4.0790769683686466e-02   3  10   5   8   0   0
  -4.2084918841646781e-03   3  10   5   9   0   0
   1.3073614173979289e-01   3   1   6   6   0   0
  -2.3597248898950366e-04   3   2   6   8   0   0
  -2.2871612242560077e-03   3   2   6   9   0   0
   4.3918813603931217e-01   3   3   6   6   0   0
  -9.9513647523623589e-03   3   4   6   8   0   0
  -9.6453513235784688e-02   3   4   6   9   0   0
   2.5394859436684798e-02   3   6   6   1   0   0
   1.5050111695363555e-02   3   6   6   3   0   0
   8.6981263245846530e-03   3   6   6   7   0   0
   4.5452876143885733e-02   3   7   6   6   0   0
  -8.1769838455702051e-04   3   8   6   2   0   0
  -1.4235213656435309e-03   3   8   6   4   0   0
  -9.4875674543926189e-04   3   8   6  10   0   0
  -7.9255342277580812e-03   3   9   6   2   0   0
  -1.3797468015623579e-02   3   9   6   4   0   0
  -9.1958162102382304e-03   3   9   6  10   0   0
  -4.2084918841646547e-03   3  10   6   8   0   0
  -4.0790769683686452e-02   3  10   6   9   0   0
   2.6989157247331336e-02   3   1   7   1   0   0
   2.5633989167265680e-02   3   1   7   3   0   0
   1.4304569339971165e-01   3   1   7   7   0   0
   5.1663303094187383e-03   3   2   7   2   0   0
  -1.9971864112296117e-03   3   2   7   4   0   0
  -5.4519782062260698e-03   3   2   7  10   0   0
   2.6068480421847180e-02   3   3   7   1   0   0
   2.8087577754973423e-02   3   3   7   3   0   0
   4.4443051452966731e-01   3   3   7   7   0   0
  -5.2239657060738465e-02   3   4   7   2   0   0
  -6.0153429865975105e-02   3   4   7   4   0   0
   8.0239014513912063e-02   3   4   7  10   0   0
   8.6981263245846097e-03   3   5   7   5   0   0
   8.6981263245846513e-03   3   6   7   6   0   0
   3.9744305892101886e-02   3   7   7   1   0   0
   3.0254636858504172e-02   3   7   7   3   0   0
   4.6454286697181317e-02   3   7   7   7   0   0
  -2.8287496429539685e-03   3   8   7   8   0   0
  -2.8287496429538765e-03   3   9   7   9   0   0
  -1.1336629328992286e-02   3  10   7   2   0   0
  -1.1033731932092629e-02   3  10   7   4   0   0
   2.9227068657060509e-02   3  10   7  10   0   0
   1.1635004091055365e-01   3   1   8   8   0   0
   2.2871612242559508e-03   3   2   8   5   0   0
  -2.3597248898951377e-04   3   2   8   6   0   0
   4.2452871111903800e-01   3   3   8   8   0   0
   9.6453513235784716e-02   3   4   8   5   0   0
  -9.9513647523623572e-03   3   4   8   6   0   0
   1.2005050667430116e-02   3   5   8   2   0   0
   1.8413740203279832e-02   3   5   8   4   0   0
   1.3068125206829029e-02   3   5   8  10   0   0
  -1.2385929143932178e-03   3   6   8   2   0   0
  -1.8997944094594288e-03   3   6   8   4   0   0
  -1.3482731338649086e-03   3   6   8  10   0   0
   2.8286894563100531e-02   3   7   8   8   0   0
   1.4037612407247857e-02   3   8   8   1   0   0
   1.0164254635120839e-02   3   8   8   3   0   0
  -2.8287496429539659e-03   3   8   8   7   0   0
   4.0790769683686438e-02   3  10   8   5   0   0
  -4.2084918841646599e-03   3  10   8   6   0   0
   1.1635004091055356e-01   3   1   9   9   0   0
  -2.3597248898950908e-04   3   2   9   5   0   0
  -2.2871612242560077e-03   3   2   9   6   0   0
   4.2452871111903823e-01   3   3   9   9   0   0
  -9.9513647523623780e-03   3   4   9   5   0   0
  -9.6453513235784646e-02   3   4   9   6   0   0
  -1.2385929143934470e-03   3   5   9   2   0   0
  -1.8997944094596392e-03   3   5   9   4   0   0
  -1.3482731338649789e-03   3   5   9  10   0   0
  -1.2005050667429308e-02   3   6   9   2   0   0
  -1.8413740203279107e-02   3   6   9   4   0   0
  -1.3068125206828776e-02   3   6   9  10   0   0
   2.8286894563100486e-02   3   7   9   9   0   0
   1.4037612407247657e-02   3   9   9   1   0   0
   1.0164254635120764e-02   3   9   9   3   0   0
  -2.8287496429538752e-03   3   9   9   7   0   0
  -4.2084918841646677e-03   3  10   9   5   0   0
  -4.0790769683686459e-02   3  10   9   6   0   0
   1.9542531163189152e-02   3   1  10   2   0   0
   5.3047774857773469e-02   3   1  10   4   0   0
   1.4077394913371311e-01   3   1  10  10   0   0
   1.7141695543019898e-02   3   2  10   1   0   0
   1.5803590087946896e-02   3   2  10   3   0   0
  -5.4519782062262970e-03   3   2  10   7   0   0
   1.6400899974755398e-02   3   3  10   2   0   0
   5.8609511847464789e-02   3   3  10   4   0   0
   4.4313107247770295e-01   3   3  10  10   0   0
   2.8129884792477695e-02   3   4  10   1   0   0
   3.8531076896477098e-02   3   4  10   3   0   0
   8.0239014513912466e-02   3   4  10   7   0   0
   1.3068125206829024e-02   3   5  10   8   0   0
  -1.3482731338649776e-03   3   5  10   9   0   0
  -1.3482731338649088e-03   3   6  10   8   0   0
  -1.3068125206828764e-02   3   6  10   9   0   0
   1.3887641268197595e-02   3   7  10   2   0   0
   2.5883776965236627e-02   3   7  10   4   0   0
   4.0265529631355296e-02   3   7  10  10   0   0
   9.1958162102382928e-03   3   8  10   5   0   0
  -9.4875674543926070e-04   3   8  10   6   0   0
  -9.4875674543929821e-04   3   9  10   5   0   0
  -9.1958162102382269e-03   3   9  10   6   0   0
   3.1764401344094112e-02   3  10  10   1   0   0
   3.3340562675357906e-02   3  10  10   3   0   0
   2.9227068657060505e-02   3  10  10   7   0   0
   1.0000179293039493e-01   4   1   4   1   0   0
   7.3815573996990194e-02   4   2   4   2   0   0
   8.3263845756974403e-02   4   3   4   1   0   0
   9.0640723473924059e-02   4   3   4   3   0   0
   1.3387958332062250e-01   4   4   4   2   0   0
   4.9243542691100251e-01   4   4   4   4   0   0
   3.0100236765143323e-02   4   5   4   5   0   0
   3.0100236765142799e-02   4   6   4   6   0   0
  -6.5620539387165513e-02   4   7   4   1   0   0
  -6.0153429865978970e-02   4   7   4   3   0   0
   7.5365535871276937e-02   4   7   4   7   0   0
   4.4056912954331784e-02   4   8   4   8   0   0
   4.4056912954330549e-02   4   9   4   9   0   0
   2.8432858244038451e-02   4  10   4   2   0   0
   5.7159457643387541e-02   4  10   4   4   0   0
   6.3990860581930931e-02   4  10   4  10   0   0
   1.0644186404985469e-01   4   1   5   8   0   0
  -1.0981889394657022e-02   4   1   5   9   0   0
   1.4028018569041337e-01   4   2   5   5   0   0
   9.6453513235785104e-02   4   3   5   8   0   0
  -9.9513647523624300e-03   4   3   5   9   0   0
   4.9658506169303390e-01   4   4   5   5   0   0
   2.6826067366647156e-02   4   5   5   2   0   0
   3.0100236765143326e-02   4   5   5   4   0   0
   1.1893216330566551e-02   4   5   5  10   0   0
  -7.8460320057256089e-02   4   7   5   8   0   0
   8.0949592947245248e-03   4   7   5   9   0   0
   5.7820111004543338e-02   4   8   5   1   0   0
   1.8413740203279808e-02   4   8   5   3   0   0
  -4.4652335264652437e-03   4   8   5   7   0   0
  -5.9654541895404261e-03   4   9   5   1   0   0
  -1.8997944094595780e-03   4   9   5   3   0   0
   4.6068998459096748e-04   4   9   5   7   0   0
   7.9084674117867376e-02   4  10   5   5   0   0
  -1.0981889394656970e-02   4   1   6   8   0   0
  -1.0644186404985469e-01   4   1   6   9   0   0
   1.4028018569041334e-01   4   2   6   6   0   0
  -9.9513647523624110e-03   4   3   6   8   0   0
  -9.6453513235785160e-02   4   3   6   9   0   0
   4.9658506169303418e-01   4   4   6   6   0   0
   2.6826067366646653e-02   4   6   6   2   0   0
   3.0100236765142781e-02   4   6   6   4   0   0
   1.1893216330566335e-02   4   6   6  10   0   0
   8.0949592947244988e-03   4   7   6   8   0   0
   7.8460320057256130e-02   4   7   6   9   0   0
  -5.9654541895397825e-03   4   8   6   1   0   0
  -1.8997944094594162e-03   4   8   6   3   0   0
   4.6068998459087348e-04   4   8   6   7   0   0
  -5.7820111004541666e-02   4   9   6   1   0   0
  -1.8413740203279339e-02   4   9   6   3   0   0
   4.4652335264649748e-03   4   9   6   7   0   0
   7.9084674117867376e-02   4  10   6   6   0   0
  -5.5908429751910918e-02   4   1   7   2   0   0
  -6.5620539387158713e-02   4   1   7   4   0   0
   8.5571671416272990e-02   4   1   7  10   0   0
  -5.3234372052088389e-03   4   2   7   1   0   0
   6.4986321407793958e-03   4   2   7   3   0   0
   1.5282166614926121e-01   4   2   7   7   0   0
  -5.2239657060739499e-02   4   3   7   2   0   0
  -6.0153429865975647e-02   4   3   7   4   0   0
   8.0239014513913090e-02   4   3   7  10   0   0
  -1.3237259905858676e-02   4   4   7   1   0   0
   1.5234124010208171e-02   4   4   7   3   0   0
   5.2507887397834896e-01   4   4   7   7   0   0
  -1.6691319151487711e-02   4   5   7   8   0   0
   1.7220876617372082e-03   4   5   7   9   0   0
   1.7220876617371295e-03   4   6   7   8   0   0
   1.6691319151487399e-02   4   6   7   9   0   0
   6.6203463183236347e-02   4   7   7   2   0   0
   7.5365535871277076e-02   4   7   7   4   0   0
  -8.3678897978521585e-02   4   7   7  10   0   0
  -4.4652335264652428e-03   4   8   7   5   0   0
   4.6068998459087353e-04   4   8   7   6   0   0
   4.6068998459096705e-04   4   9   7   5   0   0
   4.4652335264649757e-03   4   9   7   6   0   0
   4.9189576037861109e-02   4  10   7   1   0   0
   2.5883776965249714e-02   4  10   7   3   0   0
   5.0242273838869735e-02   4  10   7   7   0   0
   1.0644186404985465e-01   4   1   8   5   0   0
  -1.0981889394656982e-02   4   1   8   6   0   0
   1.3941489499423595e-01   4   2   8   8   0   0
   9.6453513235785243e-02   4   3   8   5   0   0
  -9.9513647523624092e-03   4   3   8   6   0   0
   4.9654063892133521e-01   4   4   8   8   0   0
   3.8756708353335674e-02   4   5   8   1   0   0
   1.3797468015623810e-02   4   5   8   3   0   0
  -1.6691319151487711e-02   4   5   8   7   0   0
  -3.9986323824426195e-03   4   6   8   1   0   0
  -1.4235213656435409e-03   4   6   8   3   0   0
   1.7220876617371295e-03   4   6   8   7   0   0
  -7.8460320057256130e-02   4   7   8   5   0   0
   8.0949592947245023e-03   4   7   8   6   0   0
   4.2448220900006862e-02   4   8   8   2   0   0
   4.4056912954331798e-02   4   8   8   4   0   0
   1.3973870818451497e-02   4   8   8  10   0   0
   5.9304406247090692e-02   4  10   8   8   0   0
  -1.0981889394657014e-02   4   1   9   5   0   0
  -1.0644186404985467e-01   4   1   9   6   0   0
   1.3941489499423576e-01   4   2   9   9   0   0
  -9.9513647523624266e-03   4   3   9   5   0   0
  -9.6453513235785104e-02   4   3   9   6   0   0
   4.9654063892133543e-01   4   4   9   9   0   0
  -3.9986323824428120e-03   4   5   9   1   0   0
  -1.4235213656436181e-03   4   5   9   3   0   0
   1.7220876617372069e-03   4   5   9   7   0   0
  -3.8756708353334959e-02   4   6   9   1   0   0
  -1.3797468015623576e-02   4   6   9   3   0   0
   1.6691319151487395e-02   4   6   9   7   0   0
   8.0949592947245231e-03   4   7   9   5   0   0
   7.8460320057256130e-02   4   7   9   6   0   0
   4.2448220900005572e-02   4   9   9   2   0   0
   4.4056912954330570e-02   4   9   9   4   0   0
   1.3973870818451219e-02   4   9   9  10   0   0
   5.9304406247090720e-02   4  10   9   9   0   0
   3.0543103294487780e-02   4   1  10   1   0   0
   4.4358359177660081e-02   4   1  10   3   0   0
   8.5571671416272935e-02   4   1  10   7   0   0
   6.9295690930671824e-04   4   2  10   2   0   0
   2.8432858244053793e-02   4   2  10   4   0   0
   1.5293734441694457e-01   4   2  10  10   0   0
   2.8129884792477314e-02   4   3  10   1   0   0
   3.8531076896477418e-02   4   3  10   3   0   0
   8.0239014513913465e-02   4   3  10   7   0   0
  -1.2569171479480704e-03   4   4  10   2   0   0
   5.7159457643375509e-02   4   4  10   4   0   0
   5.2775563030945360e-01   4   4  10  10   0   0
   1.1893216330566539e-02   4   5  10   5   0   0
   1.1893216330566326e-02   4   6  10   6   0   0
   1.3756770725659784e-02   4   7  10   1   0   0
  -1.1033731932093588e-02   4   7  10   3   0   0
  -8.3678897978521724e-02   4   7  10   7   0   0
   1.3973870818451490e-02   4   8  10   8   0   0
   1.3973870818451204e-02   4   9  10   9   0   0
   4.2134475192912066e-02   4  10  10   2   0   0
   6.3990860581930917e-02   4  10  10   4   0   0
   5.7660345993109388e-02   4  10  10  10   0   0
   1.0020332645368021e-01   5   1   5   1   0   0
   2.9420094097333940e-02   5   2   5   2   0   0
   2.5394859436686019e-02   5   3   5   1   0   0
   1.5050111695363850e-02   5   3   5   3   0   0
   2.6826067366647239e-02   5   4   5   2   0   0
   3.0100236765143416e-02   5   4   5   4   0   0
   6.2858979169302331e-01   5   5   5   5   0   0
   2.8761118544673486e-02   5   6   5   6   0   0
   1.5857171243353594e-02   5   7   5   1   0   0
   8.6981263245846027e-03   5   7   5   3   0   0
   3.5255712765148994e-02   5   7   5   7   0   0
   1.8120235020908371e-01   5   8   5   8   0   0
  -1.6480465800846084e-02   5   9   5   8   0   0
   2.3165917227270565e-02   5   9   5   9   0   0
   7.7655185916326117e-03   5  10   5   2   0   0
   1.1893216330566574e-02   5  10   5   4   0   0
   2.4164808480359942e-02   5  10   5  10   0   0
   5.7106755460367620e-01   5   5   6   6   0   0
   2.8761118544673482e-02   5   6   6   5   0   0
  -1.6480465800846965e-02   5   8   6   8   0   0
  -1.3827118247929185e-01   5   8   6   9   0   0
  -1.9765250502521193e-02   5   9   6   8   0   0
   1.6480465800846073e-02   5   9   6   9   0   0
   1.5857171243353257e-02   5   1   7   5   0   0
  -1.9359551680912131e-02   5   2   7   8   0   0
   1.9973762878706322e-03   5   2   7   9   0   0
   8.6981263245845854e-03   5   3   7   5   0   0
  -1.6691319151487759e-02   5   4   7   8   0   0
   1.7220876617372195e-03   5   4   7   9   0   0
   4.0049209948173202e-02   5   5   7   1   0   0
   4.5452876143942458e-02   5   5   7   3   0   0
   5.8062364900504959e-01   5   5   7   7   0   0
   3.5255712765148994e-02   5   7   7   5   0   0
  -7.6000878855425155e-02   5   8   7   2   0   0
  -7.8460320057262056e-02   5   8   7   4   0   0
   1.1550851714608454e-01   5   8   7  10   0   0
   7.8412122235666532e-03   5   9   7   2   0   0
   8.0949592947245491e-03   5   9   7   4   0   0
  -1.1917320039086474e-02   5   9   7  10   0   0
   1.0804201012883518e-02   5  10   7   8   0   0
  -1.1146980709164586e-03   5  10   7   9   0   0
   6.3233348844277684e-02   5   1   8   2   0   0
   5.7820111004543276e-02   5   1   8   4   0   0
   3.2064140740625982e-02   5   1   8  10   0   0
   3.9703870394934310e-02   5   2   8   1   0   0
   7.9255342277583414e-03   5   2   8   3   0   0
  -1.9359551680912131e-02   5   2   8   7   0   0
   1.2005050667430215e-02   5   3   8   2   0   0
   1.8413740203279922e-02   5   3   8   4   0   0
   1.3068125206829029e-02   5   3   8  10   0   0
   3.8756708353335771e-02   5   4   8   1   0   0
   1.3797468015623827e-02   5   4   8   3   0   0
  -1.6691319151487759e-02   5   4   8   7   0   0
   6.0112345025113889e-01   5   5   8   8   0   0
  -5.4640819596364779e-03   5   5   8   9   0   0
  -5.4640819596362064e-03   5   6   8   8   0   0
  -2.6198410677713554e-02   5   6   8   9   0   0
  -6.8554431973146708e-03   5   7   8   2   0   0
  -4.4652335264652064e-03   5   7   8   4   0   0
   2.3543551285634325e-02   5   7   8  10   0   0
   1.8120235020908368e-01   5   8   8   5   0   0
  -1.6480465800846979e-02   5   8   8   6   0   0
  -1.6480465800846080e-02   5   9   8   5   0   0
  -1.9765250502521200e-02   5   9   8   6   0   0
   1.6410633186094620e-02   5  10   8   1   0   0
   9.1958162102383275e-03   5  10   8   3   0   0
   1.0804201012883517e-02   5  10   8   7   0   0
  -6.5239522932106012e-03   5   1   9   2   0   0
  -5.9654541895406551e-03   5   1   9   4   0   0
  -3.3081424333507789e-03   5   1   9  10   0   0
  -4.0963536021198987e-03   5   2   9   1   0   0
  -8.1769838455710518e-04   5   2   9   3   0   0
   1.9973762878706318e-03   5   2   9   7   0   0
  -1.2385929143934665e-03   5   3   9   2   0   0
  -1.8997944094596587e-03   5   3   9   4   0   0
  -1.3482731338649834e-03   5   3   9  10   0   0
  -3.9986323824428406e-03   5   4   9   1   0   0
  -1.4235213656436198e-03   5   4   9   3   0   0
   1.7220876617372182e-03   5   4   9   7   0   0
  -5.4640819596364831e-03   5   5   9   8   0   0
   5.4872662889571144e-01   5   5   9   9   0   0
  -2.6198410677713554e-02   5   6   9   8   0   0
   5.4640819596365325e-03   5   6   9   9   0   0
   7.0729425509682595e-04   5   7   9   2   0   0
   4.6068998459089056e-04   5   7   9   4   0   0
  -2.4290506229312958e-03   5   7   9  10   0   0
  -1.6480465800847076e-02   5   8   9   5   0   0
  -1.3827118247929188e-01   5   8   9   6   0   0
   2.3165917227270572e-02   5   9   9   5   0   0
   1.6480465800846077e-02   5   9   9   6   0   0
  -1.6931285463168467e-03   5  10   9   1   0   0
  -9.4875674543930277e-04   5  10   9   3   0   0
  -1.1146980709164590e-03   5  10   9   7   0   0
   3.2064140740625968e-02   5   1  10   8   0   0
  -3.3081424333507789e-03   5   1  10   9   0   0
   7.7655185916325996e-03   5   2  10   5   0   0
   1.3068125206829023e-02   5   3  10   8   0   0
  -1.3482731338649821e-03   5   3  10   9   0   0
   1.1893216330566571e-02   5   4  10   5   0   0
   1.8618211830749763e-02   5   5  10   2   0   0
   7.9084674117834930e-02   5   5  10   4   0   0
   5.7057326441815059e-01   5   5  10  10   0   0
   2.3543551285634321e-02   5   7  10   8   0   0
  -2.4290506229312971e-03   5   7  10   9   0   0
   2.8668057449824817e-02   5   8  10   1   0   0
   4.0790769683690303e-02   5   8  10   3   0   0
   1.1550851714608452e-01   5   8  10   7   0   0
  -2.9577595139276486e-03   5   9  10   1   0   0
  -4.2084918841649157e-03   5   9  10   3   0   0
  -1.1917320039086474e-02   5   9  10   7   0   0
   2.4164808480359935e-02   5  10  10   5   0   0
   1.0020332645367817e-01   6   1   6   1   0   0
   2.9420094097333298e-02   6   2   6   2   0   0
   2.5394859436684427e-02   6   3   6   1   0   0
   1.5050111695363478e-02   6   3   6   3   0   0
   2.6826067366646660e-02   6   4   6   2   0   0
   3.0100236765142785e-02   6   4   6   4   0   0
   2.8761118544673486e-02   6   5   6   5   0   0
   6.2858979169248463e-01   6   6   6   6   0   0
   1.5857171243352945e-02   6   7   6   1   0   0
   8.6981263245845316e-03   6   7   6   3   0   0
   3.5255712765149126e-02   6   7   6   7   0   0
   2.3165917227270481e-02   6   8   6   8   0   0
   1.6480465800843870e-02   6   9   6   8   0   0
   1.8120235020905334e-01   6   9   6   9   0   0
   7.7655185916324478e-03   6  10   6   2   0   0
   1.1893216330566385e-02   6  10   6   4   0   0
   2.4164808480359842e-02   6  10   6  10   0   0
   1.5857171243353903e-02   6   1   7   6   0   0
   1.9973762878705472e-03   6   2   7   8   0   0
   1.9359551680911729e-02   6   2   7   9   0   0
   8.6981263245845975e-03   6   3   7   6   0   0
   1.7220876617371301e-03   6   4   7   8   0   0
   1.6691319151487402e-02   6   4   7   9   0   0
   4.0049209948177698e-02   6   6   7   1   0   0
   4.5452876143921850e-02   6   6   7   3   0   0
   5.8062364900450991e-01   6   6   7   7   0   0
   3.5255712765149126e-02   6   7   7   6   0   0
   7.8412122235662404e-03   6   8   7   2   0   0
   8.0949592947241033e-03   6   8   7   4   0   0
  -1.1917320039085848e-02   6   8   7  10   0   0
   7.6000878855408238e-02   6   9   7   2   0   0
   7.8460320057244959e-02   6   9   7   4   0   0
  -1.1550851714605939e-01   6   9   7  10   0   0
  -1.1146980709164937e-03   6  10   7   8   0   0
  -1.0804201012883596e-02   6  10   7   9   0   0
  -6.5239522932099238e-03   6   1   8   2   0   0
  -5.9654541895400228e-03   6   1   8   4   0   0
  -3.3081424333506718e-03   6   1   8  10   0   0
  -4.0963536021196819e-03   6   2   8   1   0   0
  -8.1769838455702918e-04   6   2   8   3   0   0
   1.9973762878705481e-03   6   2   8   7   0   0
  -1.2385929143931694e-03   6   3   8   2   0   0
  -1.8997944094593859e-03   6   3   8   4   0   0
  -1.3482731338648832e-03   6   3   8  10   0   0
  -3.9986323824426134e-03   6   4   8   1   0   0
  -1.4235213656435381e-03   6   4   8   3   0   0
   1.7220876617371295e-03   6   4   8   7   0   0
  -5.4640819596362055e-03   6   5   8   8   0   0
  -2.6198410677713557e-02   6   5   8   9   0   0
   5.4872662889517732e-01   6   6   8   8   0   0
   5.4640819596363278e-03   6   6   8   9   0   0
   7.0729425509695769e-04   6   7   8   2   0   0
   4.6068998459099410e-04   6   7   8   4   0   0
  -2.4290506229312364e-03   6   7   8  10   0   0
  -1.6480465800845247e-02   6   8   8   5   0   0
   2.3165917227270481e-02   6   8   8   6   0   0
  -1.3827118247926143e-01   6   9   8   5   0   0
   1.6480465800843877e-02   6   9   8   6   0   0
  -1.6931285463167368e-03   6  10   8   1   0   0
  -9.4875674543926580e-04   6  10   8   3   0   0
  -1.1146980709164933e-03   6  10   8   7   0   0
  -6.3233348844275936e-02   6   1   9   2   0   0
  -5.7820111004541638e-02   6   1   9   4   0   0
  -3.2064140740625809e-02   6   1   9  10   0   0
  -3.9703870394933380e-02   6   2   9   1   0   0
  -7.9255342277580621e-03   6   2   9   3   0   0
   1.9359551680911732e-02   6   2   9   7   0   0
  -1.2005050667429082e-02   6   3   9   2   0   0
  -1.8413740203278895e-02   6   3   9   4   0   0
  -1.3068125206828653e-02   6   3   9  10   0   0
  -3.8756708353334966e-02   6   4   9   1   0   0
  -1.3797468015623570e-02   6   4   9   3   0   0
   1.6691319151487399e-02   6   4   9   7   0   0
  -2.6198410677713557e-02   6   5   9   8   0   0
   5.4640819596365308e-03   6   5   9   9   0   0
   5.4640819596363218e-03   6   6   9   8   0   0
   6.0112345025060465e-01   6   6   9   9   0   0
   6.8554431973151999e-03   6   7   9   2   0   0
   4.4652335264656322e-03   6   7   9   4   0   0
  -2.3543551285634241e-02   6   7   9  10   0   0
  -1.9765250502521262e-02   6   8   9   5   0   0
   1.6480465800845261e-02   6   8   9   6   0   0
   1.6480465800843905e-02   6   9   9   5   0   0
   1.8120235020905337e-01   6   9   9   6   0   0
  -1.6410633186094377e-02   6  10   9   1   0   0
  -9.1958162102382390e-03   6  10   9   3   0   0
  -1.0804201012883591e-02   6  10   9   7   0   0
  -3.3081424333506722e-03   6   1  10   8   0   0
  -3.2064140740625802e-02   6   1  10   9   0   0
   7.7655185916323524e-03   6   2  10   6   0   0
  -1.3482731338648839e-03   6   3  10   8   0   0
  -1.3068125206828641e-02   6   3  10   9   0   0
   1.1893216330566329e-02   6   4  10   6   0   0
   1.8618211830758367e-02   6   6  10   2   0   0
   7.9084674117794573e-02   6   6  10   4   0   0
   5.7057326441761369e-01   6   6  10  10   0   0
  -2.4290506229312364e-03   6   7  10   8   0   0
  -2.3543551285634245e-02   6   7  10   9   0   0
  -2.9577595139275111e-03   6   8  10   1   0   0
  -4.2084918841647058e-03   6   8  10   3   0   0
  -1.1917320039085848e-02   6   8  10   7   0   0
  -2.8668057449821507e-02   6   9  10   1   0   0
  -4.0790769683683128e-02   6   9  10   3   0   0
  -1.1550851714605942e-01   6   9  10   7   0   0
   2.4164808480359845e-02   6  10  10   6   0   0
   8.0099769806847035e-02   7   1   7   1   0   0
   6.5715993600800993e-02   7   2   7   2   0   0
   3.9744305892109574e-02   7   3   7   1   0   0
   3.0254636858510184e-02   7   3   7   3   0   0
   6.6203463183238262e-02   7   4   7   2   0   0
   7.5365535871279282e-02   7   4   7   4   0   0
   3.5255712765149154e-02   7   5   7   5   0   0
   3.5255712765149223e-02   7   6   7   6   0   0
   1.3015756130355077e-02   7   7   7   1   0   0
   4.6454286697265063e-02   7   7   7   3   0   0
   6.4078747331055363e-01   7   7   7   7   0   0
   2.6019137856188142e-02   7   8   7   8   0   0
   2.6019137856188007e-02   7   9   7   9   0   0
  -8.7093642433530460e-02   7  10   7   2   0   0
  -8.3678897978521669e-02   7  10   7   4   0   0
   1.4016543869042600e-01   7  10   7  10   0   0
   3.8295360936176420e-03   7   1   8   8   0   0
  -7.6000878855421963e-02   7   2   8   5   0   0
   7.8412122235669152e-03   7   2   8   6   0   0
   2.8286894563136742e-02   7   3   8   8   0   0
  -7.8460320057256880e-02   7   4   8   5   0   0
   8.0949592947245803e-03   7   4   8   6   0   0
  -6.8554431973146552e-03   7   5   8   2   0   0
  -4.4652335264651778e-03   7   5   8   4   0   0
   2.3543551285634432e-02   7   5   8  10   0   0
   7.0729425509696994e-04   7   6   8   2   0   0
   4.6068998459100152e-04   7   6   8   4   0   0
  -2.4290506229312499e-03   7   6   8  10   0   0
   5.6269088409238388e-01   7   7   8   8   0   0
  -2.2759949041394337e-02   7   8   8   1   0   0
  -2.8287496429539867e-03   7   8   8   3   0   0
   2.6019137856188142e-02   7   8   8   7   0   0
   1.1550851714607435e-01   7  10   8   5   0   0
  -1.1917320039086262e-02   7  10   8   6   0   0
   3.8295360936176485e-03   7   1   9   9   0   0
   7.8412122235669429e-03   7   2   9   5   0   0
   7.6000878855422019e-02   7   2   9   6   0   0
   2.8286894563136659e-02   7   3   9   9   0   0
   8.0949592947246064e-03   7   4   9   5   0   0
   7.8460320057256852e-02   7   4   9   6   0   0
   7.0729425509681771e-04   7   5   9   2   0   0
   4.6068998459088183e-04   7   5   9   4   0   0
  -2.4290506229313106e-03   7   5   9  10   0   0
   6.8554431973152311e-03   7   6   9   2   0   0
   4.4652335264656513e-03   7   6   9   4   0   0
  -2.3543551285634307e-02   7   6   9  10   0   0
   5.6269088409238377e-01   7   7   9   9   0   0
  -2.2759949041393963e-02   7   9   9   1   0   0
  -2.8287496429538653e-03   7   9   9   3   0   0
   2.6019137856188004e-02   7   9   9   7   0   0
  -1.1917320039086295e-02   7  10   9   5   0   0
  -1.1550851714607441e-01   7  10   9   6   0   0
   4.3450597453712270e-02   7   1  10   2   0   0
   4.9189576037858139e-02   7   1  10   4   0   0
   1.4255521580837467e-03   7   1  10  10   0   0
   1.6977521876241498e-02   7   2  10   1   0   0
  -1.1336629328994763e-02   7   2  10   3   0   0
  -8.7093642433531973e-02   7   2  10   7   0   0
   1.3887641268200907e-02   7   3  10   2   0   0
   2.5883776965245013e-02   7   3  10   4   0   0
   4.0265529631395285e-02   7   3  10  10   0   0
   1.3756770725661170e-02   7   4  10   1   0   0
  -1.1033731932093489e-02   7   4  10   3   0   0
  -8.3678897978524236e-02   7   4  10   7   0   0
   2.3543551285634432e-02   7   5  10   8   0   0
  -2.4290506229313101e-03   7   5  10   9   0   0
  -2.4290506229312490e-03   7   6  10   8   0   0
  -2.3543551285634307e-02   7   6  10   9   0   0
  -1.7950106173988987e-02   7   7  10   2   0   0
   5.0242273838890322e-02   7   7  10   4   0   0
   6.2061661615418673e-01   7   7  10  10   0   0
   1.0804201012883537e-02   7   8  10   5   0   0
  -1.1146980709165236e-03   7   8  10   6   0   0
  -1.1146980709164857e-03   7   9  10   5   0   0
  -1.0804201012883685e-02   7   9  10   6   0   0
  -6.4814120160880985e-03   7  10  10   1   0   0
   2.9227068657061699e-02   7  10  10   3   0   0
   1.4016543869042597e-01   7  10  10   7   0   0
   5.6195096916533092e-02   8   1   8   1   0   0
   4.9976095268463458e-02   8   2   8   2   0   0
   1.4037612407247910e-02   8   3   8   1   0   0
   1.0164254635120858e-02   8   3   8   3   0   0
   4.2448220900006842e-02   8   4   8   2   0   0
   4.4056912954331763e-02   8   4   8   4   0   0
   1.8120235020906675e-01   8   5   8   5   0   0
  -1.6480465800846691e-02   8   6   8   5   0   0
   2.3165917227270651e-02   8   6   8   6   0   0
  -2.2759949041394379e-02   8   7   8   1   0   0
  -2.8287496429539984e-03   8   7   8   3   0   0
   2.6019137856188129e-02   8   7   8   7   0   0
   5.9879621189343157e-01   8   8   8   8   0   0
   2.8494572395285158e-02   8   9   8   9   0   0
   1.0516077503452126e-02   8  10   8   2   0   0
   1.3973870818451653e-02   8  10   8   4   0   0
   2.9937180056149995e-02   8  10   8  10   0   0
  -1.6480465800845317e-02   8   5   9   5   0   0
  -1.3827118247927486e-01   8   5   9   6   0   0
  -1.9765250502521141e-02   8   6   9   5   0   0
   1.6480465800846708e-02   8   6   9   6   0   0
   5.4180706710286097e-01   8   8   9   9   0   0
   2.8494572395285158e-02   8   9   9   8   0   0
   1.6410633186094571e-02   8   1  10   5   0   0
  -1.6931285463166958e-03   8   1  10   6   0   0
   1.0516077503451876e-02   8   2  10   8   0   0
   9.1958162102383154e-03   8   3  10   5   0   0
  -9.4875674543926016e-04   8   3  10   6   0   0
   1.3973870818451410e-02   8   4  10   8   0   0
   2.8668057449823498e-02   8   5  10   1   0   0
   4.0790769683686653e-02   8   5  10   3   0   0
   1.1550851714607011e-01   8   5  10   7   0   0
  -2.9577595139277731e-03   8   6  10   1   0   0
  -4.2084918841651161e-03   8   6  10   3   0   0
  -1.1917320039087038e-02   8   6  10   7   0   0
   1.0804201012883497e-02   8   7  10   5   0   0
  -1.1146980709165165e-03   8   7  10   6   0   0
   2.0273315356361668e-03   8   8  10   2   0   0
   5.9304406247138113e-02   8   8  10   4   0   0
   5.6006378676120006e-01   8   8  10  10   0   0
   2.9937180056149988e-02   8  10  10   8   0   0
   5.6195096916532086e-02   9   1   9   1   0   0
   4.9976095268461862e-02   9   2   9   2   0   0
   1.4037612407247669e-02   9   3   9   1   0   0
   1.0164254635120766e-02   9   3   9   3   0   0
   4.2448220900005475e-02   9   4   9   2   0   0
   4.4056912954330493e-02   9   4   9   4   0   0
   2.3165917227270457e-02   9   5   9   5   0   0
   1.6480465800845841e-02   9   6   9   5   0   0
   1.8120235020907216e-01   9   6   9   6   0   0
  -2.2759949041393973e-02   9   7   9   1   0   0
  -2.8287496429538644e-03   9   7   9   3   0   0
   2.6019137856187990e-02   9   7   9   7   0   0
   2.8494572395285158e-02   9   8   9   8   0   0
   5.9879621189342291e-01   9   9   9   9   0   0
   1.0516077503450865e-02   9  10   9   2   0   0
   1.3973870818450522e-02   9  10   9   4   0   0
   2.9937180056149638e-02   9  10   9  10   0   0
  -1.6931285463168064e-03   9   1  10   5   0   0
  -1.6410633186094269e-02   9   1  10   6   0   0
   1.0516077503451555e-02   9   2  10   9   0   0
  -9.4875674543929756e-04   9   3  10   5   0   0
  -9.1958162102382304e-03   9   3  10   6   0   0
   1.3973870818451081e-02   9   4  10   9   0   0
  -2.9577595139274335e-03   9   5  10   1   0   0
  -4.2084918841645653e-03   9   5  10   3   0   0
  -1.1917320039085506e-02   9   5  10   7   0   0
  -2.8668057449823828e-02   9   6  10   1   0   0
  -4.0790769683688201e-02   9   6  10   3   0   0
  -1.1550851714607602e-01   9   6  10   7   0   0
  -1.1146980709164868e-03   9   7  10   5   0   0
  -1.0804201012883662e-02   9   7  10   6   0   0
   2.0273315356322884e-03   9   9  10   2   0   0
   5.9304406247132693e-02   9   9  10   4   0   0
   5.6006378676119339e-01   9   9  10  10   0   0
   2.9937180056149634e-02   9  10  10   9   0   0
   5.1318158060495347e-02  10   1  10   1   0   0
   3.9697059539328255e-02  10   2  10   2   0   0
   3.1764401344093911e-02  10   3  10   1   0   0
   3.3340562675357031e-02  10   3  10   3   0   0
   4.2134475192911823e-02  10   4  10   2   0   0
   6.3990860581927475e-02  10   4  10   4   0   0
   2.4164808480359918e-02  10   5  10   5   0   0
   2.4164808480359845e-02  10   6  10   6   0   0
  -6.4814120160854704e-03  10   7  10   1   0   0
   2.9227068657063874e-02  10   7  10   3   0   0
   1.4016543869042977e-01  10   7  10   7   0   0
   2.9937180056150023e-02  10   8  10   8   0   0
   2.9937180056149659e-02  10   9  10   9   0   0
  -1.6835707787512730e-02  10  10  10   2   0   0
   5.7660345993100097e-02  10  10  10   4   0   0
   6.2780530097568621e-01  10  10  10  10   0   0
  -1.0767610687748181e+00   1   1   0   0   0   0
  -3.5451849789147616e-13   1   2   0   0   0   0
  -1.3694844345845286e-01   1   3   0   0   0   0
   3.2383557641013638e-13   1   4   0   0   0   0
  -7.8111686514913179e-17   1   5   0   0   0   0
  -6.7295960944923943e-18   1   6   0   0   0   0
  -3.9354385931675576e-02   1   7   0   0   0   0
  -3.2585926797080428e-16   1   8   0   0   0   0
   1.2007279150383578e-16   1   9   0   0   0   0
  -3.6659390800775071e-13   1  10   0   0   0   0
  -3.5465250527999537e-13   2   1   0   0   0   0
  -5.8726014982924002e-01   2   2   0   0   0   0
  -3.4024530155135624e-13   2   3   0   0   0   0
  -2.0015672731830164e-01   2   4   0   0   0   0
  -1.3507278287898632e-16   2   5   0   0   0   0
   1.7929556049977331e-17   2   6   0   0   0   0
  -9.5452942425189313e-14   2   7   0   0   0   0
   1.0922772640235857e-16   2   8   0   0   0   0
  -7.6710102825317149e-18   2   9   0   0   0   0
  -2.5630510334662737e-02   2  10   0   0   0   0
  -1.3694844345845320e-01   3   1   0   0   0   0
  -3.4028335704761048e-13   3   2   0   0   0   0
  -2.4742594047511235e-01   3   3   0   0   0   0
   4.4383333813735604e-14   3   4   0   0   0   0
  -1.0302903928107280e-16   3   5   0   0   0   0
  -8.3669273740347135e-17   3   6   0   0   0   0
  -6.4819772459932062e-02   3   7   0   0   0   0
   1.7854230804463526e-17   3   8   0   0   0   0
   5.6312536396024646e-17   3   9   0   0   0   0
  -1.3018752742510742e-13   3  10   0   0   0   0
   3.2353980605748234e-13   4   1   0   0   0   0
  -2.0015672731830253e-01   4   2   0   0   0   0
   4.3832992790981962e-14   4   3   0   0   0   0
  -1.2838978291239281e-01   4   4   0   0   0   0
  -2.7714689625308893e-16   4   5   0   0   0   0
   5.3146818956489813e-18   4   6   0   0   0   0
   9.6103680569115113e-14   4   7   0   0   0   0
   4.3260193954509790e-16   4   8   0   0   0   0
  -1.4699913725572944e-17   4   9   0   0   0   0
  -1.3396826301844242e-01   4  10   0   0   0   0
  -7.8111686514912452e-17   5   1   0   0   0   0
  -1.3507278287898809e-16   5   2   0   0   0   0
  -1.0302903928107237e-16   5   3   0   0   0   0
  -2.7714689625308848e-16   5   4   0   0   0   0
   2.4348876252295154e-01   5   5   0   0   0   0
   6.4184768611141862e-17   5   6   0   0   0   0
   1.9755743787998135e-16   5   7   0   0   0   0
  -2.2426505097428162e-14   5   8   0   0   0   0
   2.0330959138448179e-15   5   9   0   0   0   0
  -1.6470585729073692e-16   5  10   0   0   0   0
  -6.7295960944925083e-18   6   1   0   0   0   0
   1.7929556049977343e-17   6   2   0   0   0   0
  -8.3669273740347123e-17   6   3   0   0   0   0
   5.3146818956489443e-18   6   4   0   0   0   0
   6.7654215563095477e-17   6   5   0   0   0   0
   2.4348876252295165e-01   6   6   0   0   0   0
  -4.4479776428745004e-17   6   7   0   0   0   0
   2.4182045255116691e-15   6   8   0   0   0   0
   2.3304275176272427e-14   6   9   0   0   0   0
  -5.4969635734418373e-18   6  10   0   0   0   0
  -3.9354385931675478e-02   7   1   0   0   0   0
  -9.5673469147072865e-14   7   2   0   0   0   0
  -6.4819772459931840e-02   7   3   0   0   0   0
   9.6089802781307299e-14   7   4   0   0   0   0
   1.9755743787998184e-16   7   5   0   0   0   0
  -4.4479776428744949e-17   7   6   0   0   0   0
   5.4195036908278149e-01   7   7   0   0   0   0
  -5.6362717376762075e-17   7   8   0   0   0   0
   4.0977421135330408e-16   7   9   0   0   0   0
  -8.1101791948867685e-14   7  10   0   0   0   0
  -3.2585926797080340e-16   8   1   0   0   0   0
   1.0922772640235984e-16   8   2   0   0   0   0
   1.7854230804465035e-17   8   3   0   0   0   0
   4.3260193954509825e-16   8   4   0   0   0   0
  -2.2426505097428162e-14   8   5   0   0   0   0
   2.4095309081317851e-15   8   6   0   0   0   0
  -5.6362717376762371e-17   8   7   0   0   0   0
   7.9117214880435904e-01   8   8   0   0   0   0
  -8.3266726846886741e-17   8   9   0   0   0   0
   7.2770581181180283e-17   8  10   0   0   0   0
   1.2007279150383482e-16   9   1   0   0   0   0
  -7.6710102825313498e-18   9   2   0   0   0   0
   5.6312536396022785e-17   9   3   0   0   0   0
  -1.4699913725573243e-17   9   4   0   0   0   0
   2.0330959138448179e-15   9   5   0   0   0   0
   2.3268279664145908e-14   9   6   0   0   0   0
   4.0977421135330437e-16   9   7   0   0   0   0
  -6.9388939039072284e-17   9   8   0   0   0   0
   7.9117214880435915e-01   9   9   0   0   0   0
  -2.1204800996312874e-16   9  10   0   0   0   0
  -3.6654013157999543e-13  10   1   0   0   0   0
  -2.5630510334663292e-02  10   2   0   0   0   0
  -1.3064549442276530e-13  10   3   0   0   0   0
  -1.3396826301844278e-01  10   4   0   0   0   0
  -1.6470585729073655e-16  10   5   0   0   0   0
  -5.4969635734418265e-18  10   6   0   0   0   0
  -8.0935258495173912e-14  10   7   0   0   0   0
   7.2770581181179938e-17  10   8   0   0   0   0
  -2.1204800996312788e-16  10   9   0   0   0   0
   1.5556952494762446e+00  10  10   0   0   0   0
   5.0000000000000000e-01   0   0   0   0   0   0
